           1   1244.55318588473             2922   42368.4553006250
           2   1262.36976014781             2881   28175.1653544549
           3   1280.44139005823             2841   18923.9453956647
           4   1298.77172690058             2801   12710.3321252185
           5   1317.36447422994             2760   8452.41363644161
           6   1336.22338862015             2720   5677.09229405595
           7   1356.11382928660             2681   3851.16864568331
           8   1377.41324054040             2644   2665.02850699763
           9   1399.69080434033             2609   1881.28208588390
          10   1423.10981550113             2575   1341.30440495990
          11   1447.68405492641             2542   965.877726848078
          12   1473.35975748162             2509   695.531737441839
          13   1500.04271058037             2476   500.854698623969
          14   1527.62747333257             2444   364.273788517668
          15   1556.01767974356             2413   267.587278373193
          16   1585.13976870073             2381   194.617384880869
          17   1614.95035644722             2350   142.961525054662
          18   1645.44635475206             2318   103.976535482275
          19   1676.68266048927             2287   76.3788090735179
          20   1708.78751090197             2256   56.1061440290956
          21   1741.96751337238             2224   40.8062412103197
          22   1776.49686358630             2193   29.9753409919383
          23   1812.68998798830             2161   21.8011951449084
          24   1850.87450564933             2129   15.8561035169438
          25   1891.39221849849             2097   11.5322126632301
          26   1934.67815410855             2065   8.38742814436986
          27   1981.00888678302             2032   6.03981467328415
          28   2031.05359771665             1999   4.34929046819543
          29   2085.46672894084             1966   3.13193841122791
          30   2146.02715431284             1933   2.25531917907365
          31   2212.78223785198             1899   1.60798296371036
          32   2304.06629322190             1863   1.12385979089820
          33   2388.94633967729             1829  0.801282324405007
          34   2469.44773160384             1797  0.582776097355004
          35   2546.60774720583             1766  0.428094125168274
          36   2621.09779651314             1736  0.317612929795869
          37   2693.40986069131             1707  0.238000817356543
          38   2763.94647585038             1679  0.180127529058992
          39   2810.15884449552             1660  0.149098770608874
          40   2878.49002411305             1634  0.115111428145662
          41   2945.89879787286             1606  8.712044373131757E-002
          42   3012.67158602415             1579  6.659522365764690E-002
          43   3079.07131509838             1552  5.090566088998909E-002
          44   3145.32347940239             1527  3.969463507765296E-002
          45   3211.56768401125             1497  2.945036521312125E-002
          46   3277.90067212153             1478  2.437724543297583E-002
          47   3344.44239552190             1449  1.826689990016961E-002
          48   3411.29717967620             1428  1.482231470126408E-002
          49   3478.54312761525             1407  1.202727379815914E-002
          50   3546.24895929713             1378  9.012543106284261E-003
          51   3614.48143295359             1353  7.027696140006867E-003
          52   3683.31036194665             1328  5.479974746179834E-003
          53   3752.81415705299             1302  4.230802078401211E-003
          54   3799.59569122308             1283  3.502002641376497E-003
          55   3846.93090368250             1262  2.841629252815489E-003
          56   3894.85581634179             1239  2.260349080525830E-003
          57   3943.37777566268             1205  1.611566254434747E-003
