#time  H2O O(1D) OH H2 H O O3 O2 HO2 M H2O2 CO CO2 N NO N2 NO2 HNO3 NO3 O(3P) N2O CH4 CH3 CH2_1 H2CO CH2_3 H3CO CH3O2 CH3OOH HCO
 0.10000E+007 0.14177E-015 0.39669E-009 0.10221E-009 0.94656E-008 0.12779E-002 0.26366E-003 0.55747E-044 0.36601E-013 0.27629E-025 0.50000E-004 0.49609E-053 0.36191E-003 0.98374E-032 0.20004E-003 0.47115E-014 0.99981E-004 0.56194E-025 0.14139E-037 0.50000E-004 0.92115E-003 0.14138E-156 0.17880E-184 0.44214E-004 0.17218E-017 0.20595E-015 0.14224E-003 0.40737E-010 0.16387E-005 0.58845E-033 0.83849E-016
 0.13333E+007 0.85959E-016 0.28392E-009 0.73187E-010 0.67780E-008 0.12787E-002 0.26326E-003 0.39803E-044 0.26196E-013 0.14200E-025 0.50000E-004 0.11636E-053 0.36217E-003 0.98292E-032 0.20004E-003 0.33735E-014 0.99981E-004 0.34073E-025 0.61414E-038 0.50000E-004 0.92180E-003 0.91722E-167 0.70016E-195 0.44218E-004 0.44796E-022 0.14766E-015 0.14222E-003 0.29255E-010 0.13876E-005 0.25701E-033 0.60120E-016
 0.17778E+007 0.49188E-016 0.19553E-009 0.50423E-010 0.46700E-008 0.12794E-002 0.26287E-003 0.27390E-044 0.18041E-013 0.67514E-026 0.50000E-004 0.29544E-054 0.36241E-003 0.98215E-032 0.20004E-003 0.23242E-014 0.99981E-004 0.19498E-025 0.24202E-038 0.50000E-004 0.92241E-003 0.00000E+000 0.00000E+000 0.44222E-004 0.60522E-025 0.10186E-015 0.14221E-003 0.20211E-010 0.11525E-005 0.10116E-033 0.41473E-016
 0.23704E+007 0.26683E-016 0.12996E-009 0.33527E-010 0.31053E-008 0.12801E-002 0.26253E-003 0.18187E-044 0.11992E-013 0.29891E-026 0.50000E-004 0.58207E-055 0.36263E-003 0.98146E-032 0.20004E-003 0.15454E-014 0.99981E-004 0.10577E-025 0.87274E-039 0.50000E-004 0.92296E-003 0.00000E+000 0.00000E+000 0.44225E-004 0.00000E+000 0.67809E-016 0.14220E-003 0.13473E-010 0.94036E-006 0.36522E-034 0.27608E-016
 0.31605E+007 0.13813E-016 0.83727E-010 0.21606E-010 0.20013E-008 0.12807E-002 0.26223E-003 0.11701E-044 0.77257E-014 0.12438E-026 0.50000E-004 0.10025E-055 0.36282E-003 0.98085E-032 0.20004E-003 0.99595E-015 0.99981E-004 0.54755E-026 0.29135E-039 0.50000E-004 0.92344E-003 0.00000E+000 0.00000E+000 0.44228E-004 0.00000E+000 0.43743E-016 0.14219E-003 0.87013E-011 0.75528E-006 0.12219E-034 0.17810E-016
 0.42140E+007 0.68625E-017 0.52497E-010 0.13551E-010 0.12552E-008 0.12811E-002 0.26197E-003 0.73306E-045 0.48441E-014 0.48954E-027 0.50000E-004 0.15481E-056 0.36298E-003 0.98033E-032 0.20004E-003 0.62464E-015 0.99981E-004 0.27203E-026 0.90656E-040 0.50000E-004 0.92385E-003 0.00000E+000 0.00000E+000 0.44231E-004 0.00000E+000 0.27458E-016 0.14219E-003 0.54673E-011 0.59841E-006 0.38048E-035 0.11179E-016
 0.56187E+007 0.32961E-017 0.32179E-010 0.83086E-011 0.76959E-009 0.12815E-002 0.26176E-003 0.44899E-045 0.29694E-014 0.18429E-027 0.50000E-004 0.22023E-057 0.36312E-003 0.97991E-032 0.20004E-003 0.38298E-015 0.99981E-004 0.13066E-026 0.26723E-040 0.50000E-004 0.92418E-003 0.00000E+000 0.00000E+000 0.44233E-004 0.00000E+000 0.16847E-016 0.14218E-003 0.33573E-011 0.46874E-006 0.11227E-035 0.68592E-017
 0.74915E+007 0.15392E-017 0.19361E-010 0.50000E-011 0.46314E-009 0.12819E-002 0.26159E-003 0.26995E-045 0.17866E-014 0.66801E-028 0.50000E-004 0.28871E-058 0.36323E-003 0.97956E-032 0.20004E-003 0.23048E-015 0.99981E-004 0.61016E-027 0.75092E-041 0.50000E-004 0.92445E-003 0.00000E+000 0.00000E+000 0.44234E-004 0.00000E+000 0.10144E-016 0.14218E-003 0.20229E-011 0.36373E-006 0.31585E-036 0.41301E-017
 0.99887E+007 0.70247E-018 0.11473E-010 0.29633E-011 0.27448E-009 0.12821E-002 0.26146E-003 0.15988E-045 0.10587E-014 0.23483E-028 0.50000E-004 0.35728E-059 0.36331E-003 0.97929E-032 0.20004E-003 0.13659E-015 0.99981E-004 0.27846E-027 0.20318E-041 0.50000E-004 0.92467E-003 0.00000E+000 0.00000E+000 0.44236E-004 0.00000E+000 0.60147E-017 0.14217E-003 0.12000E-011 0.28008E-006 0.85525E-037 0.24488E-017
 0.13318E+008 0.31500E-018 0.67196E-011 0.17359E-011 0.16079E-009 0.12823E-002 0.26135E-003 0.93604E-046 0.62011E-015 0.80624E-029 0.50000E-004 0.42142E-060 0.36338E-003 0.97907E-032 0.20004E-003 0.80014E-016 0.99981E-004 0.12487E-027 0.53367E-042 0.50000E-004 0.92484E-003 0.00000E+000 0.00000E+000 0.44237E-004 0.00000E+000 0.35245E-017 0.14217E-003 0.70350E-012 0.21440E-006 0.22476E-037 0.14350E-017
 0.17758E+008 0.13927E-018 0.38990E-011 0.10073E-011 0.93305E-010 0.12825E-002 0.26127E-003 0.54294E-046 0.35982E-015 0.27163E-029 0.50000E-004 0.47654E-061 0.36343E-003 0.97890E-032 0.20004E-003 0.46432E-016 0.99981E-004 0.55209E-028 0.13696E-042 0.50000E-004 0.92497E-003 0.00000E+000 0.00000E+000 0.44238E-004 0.00000E+000 0.20458E-017 0.14217E-003 0.40849E-012 0.16335E-006 0.57727E-038 0.83295E-018
 0.23677E+008 0.60904E-019 0.22460E-011 0.58030E-012 0.53751E-010 0.12826E-002 0.26120E-003 0.31262E-046 0.20727E-015 0.90187E-030 0.50000E-004 0.51704E-062 0.36347E-003 0.97877E-032 0.20004E-003 0.26749E-016 0.99981E-004 0.24143E-028 0.34505E-043 0.50000E-004 0.92507E-003 0.00000E+000 0.00000E+000 0.44238E-004 0.00000E+000 0.11788E-017 0.14216E-003 0.23543E-012 0.12399E-006 0.14555E-038 0.47995E-018
 0.31569E+008 0.26407E-019 0.12864E-011 0.33240E-012 0.30789E-010 0.12827E-002 0.26115E-003 0.17910E-046 0.11872E-015 0.29603E-030 0.50000E-004 0.57595E-063 0.36350E-003 0.97867E-032 0.20004E-003 0.15322E-016 0.99981E-004 0.10468E-028 0.85742E-044 0.50000E-004 0.92515E-003 0.00000E+000 0.00000E+000 0.44239E-004 0.00000E+000 0.67534E-018 0.14216E-003 0.13490E-012 0.93848E-007 0.36125E-039 0.27496E-018
 0.42092E+008 0.11371E-019 0.73357E-012 0.18956E-012 0.17558E-010 0.12827E-002 0.26112E-003 0.10213E-046 0.67700E-016 0.96250E-031 0.50000E-004 0.60671E-064 0.36353E-003 0.97860E-032 0.20004E-003 0.87376E-017 0.99981E-004 0.45078E-029 0.21055E-044 0.50000E-004 0.92521E-003 0.00000E+000 0.00000E+000 0.44239E-004 0.00000E+000 0.38517E-018 0.14216E-003 0.76951E-013 0.70878E-007 0.88744E-040 0.15682E-018
 0.56123E+008 0.48724E-020 0.41692E-012 0.10774E-012 0.99794E-011 0.12828E-002 0.26109E-003 0.58034E-047 0.38477E-016 0.31088E-031 0.50000E-004 0.62889E-065 0.36355E-003 0.97854E-032 0.20004E-003 0.49661E-017 0.99981E-004 0.19315E-029 0.51217E-045 0.50000E-004 0.92526E-003 0.00000E+000 0.00000E+000 0.44239E-004 0.00000E+000 0.21894E-018 0.14216E-003 0.43745E-013 0.53437E-007 0.21587E-040 0.89139E-019
 0.74831E+008 0.20804E-020 0.23637E-012 0.61081E-013 0.56577E-011 0.12828E-002 0.26107E-003 0.32889E-047 0.21814E-016 0.99996E-032 0.50000E-004 0.64840E-066 0.36356E-003 0.97849E-032 0.20004E-003 0.28155E-017 0.99981E-004 0.82469E-030 0.12409E-045 0.50000E-004 0.92529E-003 0.00000E+000 0.00000E+000 0.44239E-004 0.00000E+000 0.12413E-018 0.14216E-003 0.24805E-013 0.40237E-007 0.52348E-041 0.50541E-019
 0.99775E+008 0.88573E-021 0.13377E-012 0.34570E-013 0.32021E-011 0.12829E-002 0.26105E-003 0.18612E-047 0.12346E-016 0.32027E-032 0.50000E-004 0.65135E-067 0.36357E-003 0.97846E-032 0.20004E-003 0.15935E-017 0.99981E-004 0.35112E-030 0.29919E-046 0.50000E-004 0.92532E-003 0.00000E+000 0.00000E+000 0.44240E-004 0.00000E+000 0.70259E-019 0.14216E-003 0.14040E-013 0.30272E-007 0.12636E-041 0.28606E-019
 0.13303E+009 0.37612E-021 0.75593E-013 0.19535E-013 0.18095E-011 0.12829E-002 0.26104E-003 0.10531E-047 0.69764E-017 0.10209E-032 0.50000E-004 0.72057E-068 0.36358E-003 0.97844E-032 0.20004E-003 0.90047E-018 0.99981E-004 0.14910E-030 0.72366E-047 0.50000E-004 0.92534E-003 0.00000E+000 0.00000E+000 0.44240E-004 0.00000E+000 0.39705E-019 0.14216E-003 0.79348E-014 0.22757E-007 0.29951E-042 0.16166E-019
 0.17738E+009 0.15955E-021 0.42668E-013 0.11027E-013 0.10214E-011 0.12829E-002 0.26103E-003 0.59385E-048 0.39378E-017 0.32574E-033 0.50000E-004 0.69126E-069 0.36358E-003 0.97842E-032 0.20004E-003 0.50827E-018 0.99981E-004 0.63249E-031 0.17172E-047 0.50000E-004 0.92535E-003 0.00000E+000 0.00000E+000 0.44240E-004 0.00000E+000 0.22412E-019 0.14216E-003 0.44792E-014 0.17097E-007 0.72395E-043 0.91250E-020
 0.23650E+009 0.67582E-022 0.24064E-013 0.62189E-014 0.57604E-012 0.12829E-002 0.26102E-003 0.33474E-048 0.22208E-017 0.10363E-033 0.50000E-004 0.68547E-070 0.36359E-003 0.97840E-032 0.20004E-003 0.28666E-018 0.99981E-004 0.26790E-031 0.40893E-048 0.50000E-004 0.92536E-003 0.00000E+000 0.00000E+000 0.44240E-004 0.00000E+000 0.12640E-019 0.14216E-003 0.25263E-014 0.12840E-007 0.17301E-043 0.51465E-020
 0.31534E+009 0.28585E-022 0.13559E-013 0.35040E-014 0.32456E-012 0.12829E-002 0.26102E-003 0.18863E-048 0.12513E-017 0.32909E-034 0.50000E-004 0.70038E-071 0.36359E-003 0.97839E-032 0.20004E-003 0.16151E-018 0.99981E-004 0.11331E-031 0.97623E-049 0.50000E-004 0.92537E-003 0.00000E+000 0.00000E+000 0.44240E-004 0.00000E+000 0.71223E-020 0.14216E-003 0.14235E-014 0.96382E-008 0.41260E-044 0.28998E-020
 0.42045E+009 0.12088E-022 0.76389E-014 0.19742E-014 0.18286E-012 0.12829E-002 0.26101E-003 0.10631E-048 0.70500E-018 0.10446E-034 0.50000E-004 0.71543E-072 0.36359E-003 0.97839E-032 0.20004E-003 0.90999E-019 0.99981E-004 0.47920E-032 0.23316E-049 0.50000E-004 0.92538E-003 0.00000E+000 0.00000E+000 0.44240E-004 0.00000E+000 0.40128E-020 0.14216E-003 0.80202E-015 0.72344E-008 0.98341E-045 0.16338E-020
 0.56060E+009 0.51063E-023 0.43005E-014 0.11114E-014 0.10295E-012 0.12829E-002 0.26101E-003 0.59828E-049 0.39690E-018 0.33110E-035 0.50000E-004 0.70900E-073 0.36360E-003 0.97838E-032 0.20004E-003 0.51230E-019 0.99981E-004 0.20242E-032 0.55314E-050 0.50000E-004 0.92538E-003 0.00000E+000 0.00000E+000 0.44240E-004 0.00000E+000 0.22591E-020 0.14216E-003 0.45153E-015 0.54282E-008 0.23381E-045 0.91979E-021
 0.74747E+009 0.21571E-023 0.24213E-014 0.62576E-015 0.57962E-013 0.12830E-002 0.26101E-003 0.33682E-049 0.22346E-018 0.10493E-035 0.50000E-004 0.70336E-074 0.36360E-003 0.97837E-032 0.20004E-003 0.28844E-019 0.99981E-004 0.85512E-033 0.13136E-050 0.50000E-004 0.92538E-003 0.00000E+000 0.00000E+000 0.44240E-004 0.00000E+000 0.12720E-020 0.14216E-003 0.25423E-015 0.40731E-008 0.55567E-046 0.51788E-021
 0.99662E+009 0.91093E-024 0.13630E-014 0.35224E-015 0.32627E-013 0.12830E-002 0.26101E-003 0.18970E-049 0.12579E-018 0.33236E-036 0.50000E-004 0.72344E-075 0.36360E-003 0.97837E-032 0.20004E-003 0.16236E-019 0.99981E-004 0.36111E-033 0.31355E-051 0.50000E-004 0.92539E-003 0.00000E+000 0.00000E+000 0.44240E-004 0.00000E+000 0.71600E-021 0.14216E-003 0.14311E-015 0.30560E-008 0.13189E-046 0.29151E-021
 0.13288E+010 0.38466E-024 0.76712E-015 0.19825E-015 0.18363E-013 0.12830E-002 0.26101E-003 0.10675E-049 0.70797E-019 0.10533E-036 0.50000E-004 0.71776E-076 0.36360E-003 0.97837E-032 0.20004E-003 0.91384E-020 0.99981E-004 0.15249E-033 0.74449E-052 0.50000E-004 0.92539E-003 0.00000E+000 0.00000E+000 0.44240E-004 0.00000E+000 0.40299E-021 0.14216E-003 0.80546E-016 0.22926E-008 0.31411E-047 0.16407E-021
 0.17718E+010 0.16232E-024 0.43154E-015 0.11153E-015 0.10330E-013 0.12830E-002 0.26101E-003 0.60036E-050 0.39827E-019 0.33346E-037 0.50000E-004 0.71948E-077 0.36360E-003 0.97837E-032 0.20004E-003 0.51408E-020 0.99981E-004 0.64346E-034 0.17647E-052 0.50000E-004 0.92539E-003 0.00000E+000 0.00000E+000 0.44240E-004 0.00000E+000 0.22670E-021 0.14216E-003 0.45312E-016 0.17195E-008 0.74588E-048 0.92300E-022
 0.23624E+010 0.68483E-025 0.24276E-015 0.62737E-016 0.58111E-014 0.12830E-002 0.26100E-003 0.33771E-050 0.22404E-019 0.10544E-037 0.50000E-004 0.72311E-078 0.36360E-003 0.97837E-032 0.20004E-003 0.28919E-020 0.99981E-004 0.27148E-034 0.41879E-053 0.50000E-004 0.92539E-003 0.00000E+000 0.00000E+000 0.44240E-004 0.00000E+000 0.12753E-021 0.14216E-003 0.25489E-016 0.12897E-008 0.17673E-048 0.51922E-022
 0.31498E+010 0.28903E-025 0.13660E-015 0.35303E-016 0.32700E-014 0.12830E-002 0.26100E-003 0.19013E-050 0.12607E-019 0.33431E-038 0.50000E-004 0.72349E-079 0.36360E-003 0.97836E-032 0.20004E-003 0.16273E-020 0.99981E-004 0.11458E-034 0.99799E-054 0.50000E-004 0.92539E-003 0.00000E+000 0.00000E+000 0.44240E-004 0.00000E+000 0.71762E-022 0.14216E-003 0.14343E-016 0.96746E-009 0.42069E-049 0.29217E-022
 0.41997E+010 0.12199E-025 0.76859E-016 0.19863E-016 0.18399E-014 0.12830E-002 0.26100E-003 0.10694E-050 0.70933E-020 0.10577E-038 0.50000E-004 0.73251E-080 0.36360E-003 0.97836E-032 0.20004E-003 0.91559E-021 0.99981E-004 0.48360E-035 0.23630E-054 0.50000E-004 0.92539E-003 0.00000E+000 0.00000E+000 0.44240E-004 0.00000E+000 0.40377E-022 0.14216E-003 0.80702E-017 0.72569E-009 0.99668E-050 0.16439E-022
 0.55997E+010 0.51481E-026 0.43242E-016 0.11175E-016 0.10351E-014 0.12830E-002 0.26100E-003 0.60167E-051 0.39908E-020 0.33501E-039 0.50000E-004 0.73355E-081 0.36360E-003 0.97836E-032 0.20004E-003 0.51512E-021 0.99981E-004 0.20408E-035 0.56109E-055 0.50000E-004 0.92539E-003 0.00000E+000 0.00000E+000 0.44240E-004 0.00000E+000 0.22716E-022 0.14216E-003 0.45404E-017 0.54432E-009 0.23684E-050 0.92488E-023
 0.74662E+010 0.21725E-026 0.24329E-016 0.62875E-017 0.58239E-015 0.12830E-002 0.26100E-003 0.33893E-051 0.22453E-020 0.10657E-039 0.50000E-004 0.58794E-082 0.36360E-003 0.97836E-032 0.20004E-003 0.28982E-021 0.99981E-004 0.86120E-036 0.13486E-055 0.50000E-004 0.92539E-003 0.00000E+000 0.00000E+000 0.44240E-004 0.00000E+000 0.12781E-022 0.14216E-003 0.25545E-017 0.40828E-009 0.57770E-051 0.52036E-023
 0.99550E+010 0.91627E-027 0.13681E-016 0.35358E-017 0.32751E-015 0.12830E-002 0.26100E-003 0.19032E-051 0.12626E-020 0.33623E-040 0.50000E-004 0.73525E-083 0.36360E-003 0.97836E-032 0.20004E-003 0.16298E-021 0.99981E-004 0.36323E-036 0.31573E-056 0.50000E-004 0.92539E-003 0.00000E+000 0.00000E+000 0.44240E-004 0.00000E+000 0.71872E-023 0.14216E-003 0.14365E-017 0.30617E-009 0.13379E-051 0.29262E-023
 0.13273E+011 0.38646E-027 0.76945E-017 0.19885E-017 0.18419E-015 0.12830E-002 0.26100E-003 0.10704E-051 0.71012E-021 0.10670E-040 0.50000E-004 0.74063E-084 0.36360E-003 0.97836E-032 0.20004E-003 0.91662E-022 0.99981E-004 0.15320E-036 0.74892E-057 0.50000E-004 0.92539E-003 0.00000E+000 0.00000E+000 0.44240E-004 0.00000E+000 0.40422E-023 0.14216E-003 0.80793E-018 0.22961E-009 0.31840E-052 0.16457E-023
 0.17698E+011 0.16301E-027 0.43276E-017 0.11184E-017 0.10360E-015 0.12830E-002 0.26100E-003 0.60202E-052 0.39940E-021 0.33950E-041 0.50000E-004 0.74982E-085 0.36360E-003 0.97836E-032 0.20004E-003 0.51553E-022 0.99981E-004 0.64617E-037 0.17770E-057 0.50000E-004 0.92540E-003 0.00000E+000 0.00000E+000 0.44240E-004 0.00000E+000 0.22735E-023 0.14216E-003 0.45440E-018 0.17220E-009 0.75974E-053 0.92562E-024
 0.23597E+011 0.68762E-028 0.24341E-017 0.62906E-018 0.58268E-016 0.12830E-002 0.26100E-003 0.33860E-052 0.22464E-021 0.10850E-041 0.50000E-004 0.76585E-086 0.36360E-003 0.97836E-032 0.20004E-003 0.28997E-022 0.99981E-004 0.27257E-037 0.42158E-058 0.50000E-004 0.92540E-003 0.00000E+000 0.00000E+000 0.44240E-004 0.00000E+000 0.12787E-023 0.14216E-003 0.25558E-018 0.12914E-009 0.18211E-053 0.52062E-024
 0.31463E+011 0.29007E-028 0.13691E-017 0.35383E-018 0.32774E-016 0.12830E-002 0.26100E-003 0.19045E-052 0.12635E-021 0.34948E-042 0.50000E-004 0.79453E-087 0.36360E-003 0.97836E-032 0.20004E-003 0.16310E-022 0.99981E-004 0.11499E-037 0.10000E-058 0.50000E-004 0.92540E-003 0.00000E+000 0.00000E+000 0.44240E-004 0.00000E+000 0.71924E-024 0.14216E-003 0.14376E-018 0.96855E-010 0.43991E-054 0.29283E-024
 0.41950E+011 0.12242E-028 0.77034E-018 0.19908E-018 0.18441E-016 0.12830E-002 0.26100E-003 0.10718E-052 0.71094E-022 0.11418E-042 0.50000E-004 0.85466E-088 0.36360E-003 0.97836E-032 0.20004E-003 0.91768E-023 0.99981E-004 0.48527E-038 0.23768E-059 0.50000E-004 0.92540E-003 0.00000E+000 0.00000E+000 0.44240E-004 0.00000E+000 0.40469E-024 0.14216E-003 0.80886E-019 0.72651E-010 0.10774E-054 0.16476E-024
 0.55933E+011 0.51663E-029 0.43341E-018 0.11201E-018 0.10375E-016 0.12830E-002 0.26100E-003 0.60299E-053 0.39999E-022 0.38110E-043 0.50000E-004 0.95243E-089 0.36360E-003 0.97836E-032 0.20004E-003 0.51630E-023 0.99981E-004 0.20479E-038 0.56433E-060 0.50000E-004 0.92540E-003 0.00000E+000 0.00000E+000 0.44240E-004 0.00000E+000 0.22768E-024 0.14216E-003 0.45508E-019 0.54494E-010 0.26971E-055 0.92700E-025
 0.74578E+011 0.21794E-029 0.24382E-018 0.63011E-019 0.58367E-017 0.12830E-002 0.26100E-003 0.33928E-053 0.22502E-022 0.13165E-043 0.50000E-004 0.11133E-089 0.36360E-003 0.97836E-032 0.20004E-003 0.29045E-023 0.99981E-004 0.86387E-039 0.13381E-060 0.50000E-004 0.92540E-003 0.00000E+000 0.00000E+000 0.44240E-004 0.00000E+000 0.12808E-024 0.14216E-003 0.25601E-019 0.40873E-010 0.69922E-056 0.52149E-025
 0.99437E+011 0.91989E-030 0.13717E-018 0.35451E-019 0.32838E-017 0.12830E-002 0.26100E-003 0.19098E-053 0.12660E-022 0.47997E-044 0.50000E-004 0.13353E-090 0.36360E-003 0.97836E-032 0.20004E-003 0.16341E-023 0.99981E-004 0.36465E-039 0.31903E-061 0.50000E-004 0.92540E-003 0.00000E+000 0.00000E+000 0.44240E-004 0.00000E+000 0.72061E-025 0.14216E-003 0.14403E-019 0.30657E-010 0.19366E-056 0.29339E-025
 0.13258E+012 0.38815E-030 0.77167E-019 0.19943E-019 0.18474E-017 0.12830E-002 0.26100E-003 0.10734E-053 0.71217E-023 0.18656E-044 0.50000E-004 0.23204E-091 0.36360E-003 0.97836E-032 0.20004E-003 0.91927E-024 0.99981E-004 0.15386E-039 0.75442E-062 0.50000E-004 0.92540E-003 0.00000E+000 0.00000E+000 0.44240E-004 0.00000E+000 0.40538E-025 0.14216E-003 0.81024E-020 0.22994E-010 0.55615E-057 0.16505E-025
 0.17678E+012 0.16378E-030 0.43411E-019 0.11219E-019 0.10393E-017 0.12830E-002 0.26100E-003 0.60417E-054 0.40064E-023 0.78843E-045 0.50000E-004 0.38373E-092 0.36360E-003 0.97836E-032 0.20004E-003 0.51715E-024 0.99981E-004 0.64921E-040 0.17950E-062 0.50000E-004 0.92540E-003 0.00000E+000 0.00000E+000 0.44240E-004 0.00000E+000 0.22804E-025 0.14216E-003 0.45580E-020 0.17246E-010 0.17787E-057 0.92847E-026
 0.23570E+012 0.69062E-031 0.24412E-019 0.63091E-020 0.58449E-018 0.12830E-002 0.26100E-003 0.33960E-054 0.22529E-023 0.35998E-045 0.50000E-004 0.84236E-093 0.36360E-003 0.97836E-032 0.20004E-003 0.29082E-024 0.99981E-004 0.27376E-040 0.42493E-063 0.50000E-004 0.92540E-003 0.00000E+000 0.00000E+000 0.44240E-004 0.00000E+000 0.12824E-025 0.14216E-003 0.25631E-020 0.12933E-010 0.60508E-058 0.52210E-026
 0.31427E+012 0.29136E-031 0.13733E-019 0.35494E-020 0.32886E-018 0.12830E-002 0.26100E-003 0.19112E-054 0.12674E-023 0.17635E-045 0.50000E-004 0.20090E-093 0.36360E-003 0.97836E-032 0.20004E-003 0.16361E-024 0.99981E-004 0.11550E-040 0.10105E-063 0.50000E-004 0.92540E-003 0.00000E+000 0.00000E+000 0.44240E-004 0.00000E+000 0.72138E-026 0.14216E-003 0.14418E-020 0.96999E-011 0.22261E-058 0.29370E-026
 0.41903E+012 0.12302E-031 0.77266E-020 0.19971E-020 0.18507E-018 0.12830E-002 0.26100E-003 0.10740E-054 0.71309E-024 0.90786E-046 0.50000E-004 0.55004E-094 0.36360E-003 0.97836E-032 0.20004E-003 0.92055E-025 0.99981E-004 0.48754E-041 0.23904E-064 0.50000E-004 0.92540E-003 0.00000E+000 0.00000E+000 0.44240E-004 0.00000E+000 0.40584E-026 0.14216E-003 0.81115E-021 0.72751E-011 0.85611E-059 0.16523E-026
 0.55870E+012 0.51903E-032 0.43472E-020 0.11237E-020 0.10418E-018 0.12830E-002 0.26100E-003 0.60477E-055 0.40121E-024 0.48502E-046 0.50000E-004 0.15281E-094 0.36360E-003 0.97836E-032 0.20004E-003 0.51797E-025 0.99981E-004 0.20573E-041 0.56862E-065 0.50000E-004 0.92540E-003 0.00000E+000 0.00000E+000 0.44240E-004 0.00000E+000 0.22830E-026 0.14216E-003 0.45631E-021 0.54567E-011 0.34387E-059 0.92953E-027
 0.74494E+012 0.21891E-032 0.24456E-020 0.63227E-021 0.58658E-019 0.12830E-002 0.26100E-003 0.34067E-055 0.22571E-024 0.26489E-046 0.50000E-004 0.44325E-095 0.36360E-003 0.97836E-032 0.20004E-003 0.29144E-025 0.99981E-004 0.86907E-042 0.13348E-065 0.50000E-004 0.92540E-003 0.00000E+000 0.00000E+000 0.44240E-004 0.00000E+000 0.12841E-026 0.14216E-003 0.25665E-021 0.40924E-011 0.14141E-059 0.52280E-027
 0.99325E+012 0.92496E-033 0.13764E-020 0.35594E-021 0.33062E-019 0.12830E-002 0.26100E-003 0.19143E-055 0.12703E-024 0.14621E-046 0.50000E-004 0.13873E-095 0.36360E-003 0.97836E-032 0.20004E-003 0.16407E-025 0.99981E-004 0.36635E-042 0.32045E-066 0.50000E-004 0.92540E-003 0.00000E+000 0.00000E+000 0.44240E-004 0.00000E+000 0.72237E-027 0.14216E-003 0.14438E-021 0.30692E-011 0.58323E-060 0.29411E-027
 0.13243E+013 0.39062E-033 0.77464E-021 0.20042E-021 0.18657E-019 0.12830E-002 0.26100E-003 0.10767E-055 0.71492E-025 0.81403E-047 0.50000E-004 0.43397E-096 0.36360E-003 0.97836E-032 0.20004E-003 0.92385E-026 0.99981E-004 0.15460E-042 0.76564E-067 0.50000E-004 0.92540E-003 0.00000E+000 0.00000E+000 0.44240E-004 0.00000E+000 0.40624E-027 0.14216E-003 0.81190E-022 0.23016E-011 0.24326E-060 0.16540E-027
