# [b'Cross sections for C2\nConverted from earlier Leiden database cross sections by Helgi Rafn Hr\xc3\xb3\xc3\xb0marsson 2022-11-16\nPhotodissociation source: C2 P.D. POUILLY ET AL.83 +GUESS\nPhotoionisation source: C2 P.I. CF. Harper et al. (2020), Toffoli & Lucchese (2004)\nLines represented with gaussian of width 1.0 nm FWHM\nwavelength: (nm)\nphotoabsorption:    cross section (cm2)\nphotodissociation:  cross section (cm2)\nphotoionisation:    cross section (cm2)']
# 
# wavelength   photoabsorption photodissociation   photoionisation
  91.2000000       5.19406e-17       1.00000e-19       5.18406e-17
  91.9000000       6.51408e-17       1.00000e-19       6.50408e-17
  92.0000000       7.42161e-17       1.00000e-19       7.41161e-17
  92.1000000       7.29840e-17       1.00000e-19       7.28840e-17
  92.2000000       5.93875e-17       1.00000e-19       5.92875e-17
  92.3000000       4.80162e-17       1.00000e-19       4.79162e-17
  92.4000000       4.58570e-17       1.00001e-19       4.57570e-17
  92.5000000       4.65354e-17       1.00002e-19       4.64354e-17
  92.5300000       4.64188e-17       1.00003e-19       4.63188e-17
  92.6000000       4.59276e-17       1.16675e-19       4.58109e-17
  92.7000000       4.52030e-17       1.40508e-19       4.50625e-17
  92.8000000       4.53724e-17       1.64397e-19       4.52080e-17
  92.9000000       4.75033e-17       1.88463e-19       4.73148e-17
  93.0000000       5.03252e-17       2.13052e-19       5.01121e-17
  93.1000000       5.02513e-17       2.39096e-19       5.00122e-17
  93.2000000       4.99504e-17       2.68956e-19       4.96814e-17
  93.3000000       4.71463e-17       3.08225e-19       4.68381e-17
  93.4000000       4.55428e-17       3.69288e-19       4.51735e-17
  93.5000000       4.85743e-17       4.77739e-19       4.80966e-17
  93.6000000       5.10625e-17       6.82769e-19       5.03797e-17
  93.7000000       5.24966e-17       1.07199e-18       5.14246e-17
  93.8000000       5.18145e-17       1.78922e-18       5.00253e-17
  93.9000000       5.38210e-17       3.05024e-18       5.07708e-17
  94.0000000       5.57830e-17       5.14719e-18       5.06358e-17
  94.0000000       5.57830e-17       5.14719e-18       5.06358e-17
  94.1000000       5.72788e-17       8.42845e-18       4.88504e-17
  94.2000000       6.07507e-17       1.32421e-17       4.75086e-17
  94.2100000       6.12815e-17       1.38188e-17       4.74627e-17
  94.3000000       6.78386e-17       1.98946e-17       4.79441e-17
  94.4000000       7.73170e-17       2.83635e-17       4.89535e-17
  94.5000000       8.69098e-17       3.83275e-17       4.85823e-17
  94.6000000       9.76388e-17       4.90641e-17       4.85747e-17
  94.7000000       1.12281e-16       5.94805e-17       5.28006e-17
  94.7900000       1.19078e-16       6.75053e-17       5.15730e-17
  94.8000000       1.19710e-16       6.82736e-17       5.14365e-17
  94.9000000       1.29455e-16       7.41879e-17       5.52669e-17
  95.0000000       1.31470e-16       7.63230e-17       5.51467e-17
  95.1000000       1.27709e-16       7.43479e-17       5.33613e-17
  95.2000000       1.19133e-16       6.85936e-17       5.05396e-17
  95.3000000       1.07462e-16       5.99661e-17       4.74958e-17
  95.4000000       9.60850e-17       4.97159e-17       4.63691e-17
  95.5000000       8.68919e-17       3.91455e-17       4.77464e-17
  95.6000000       7.96279e-17       2.93477e-17       5.02802e-17
  95.7000000       7.37031e-17       2.10450e-17       5.26581e-17
  95.8000000       6.10735e-17       1.45524e-17       4.65210e-17
  95.9000000       5.74420e-17       9.84264e-18       4.75993e-17
  96.0000000       5.29370e-17       6.66519e-18       4.62718e-17
  96.0000000       5.29370e-17       6.66519e-18       4.62718e-17
  96.0400000       5.23345e-17       5.74612e-18       4.65884e-17
  96.1000000       5.36443e-17       4.70405e-18       4.89402e-17
  96.2000000       5.20985e-17       3.60017e-18       4.84983e-17
  96.3000000       4.89432e-17       3.04008e-18       4.59031e-17
  96.4000000       4.65491e-17       2.80801e-18       4.37410e-17
  96.5000000       4.60381e-17       2.76012e-18       4.32779e-17
  96.6000000       4.86229e-17       2.80881e-18       4.58141e-17
  96.7000000       4.69710e-17       2.90489e-18       4.40662e-17
  96.7900000       4.50750e-17       3.01042e-18       4.20646e-17
  96.8000000       4.48623e-17       3.02134e-18       4.18410e-17
  96.9000000       4.66023e-17       3.13433e-18       4.34679e-17
  97.0000000       4.73884e-17       3.25115e-18       4.41372e-17
  97.1000000       4.76103e-17       3.36942e-18       4.42409e-17
  97.2000000       4.65447e-17       3.48821e-18       4.30565e-17
  97.3000000       4.41671e-17       3.60717e-18       4.05600e-17
  97.4000000       4.40703e-17       3.72620e-18       4.03441e-17
  97.5000000       3.97729e-17       3.84524e-18       3.59277e-17
  97.6000000       4.42283e-17       3.96429e-18       4.02640e-17
  97.6300000       4.52754e-17       4.00000e-18       4.12754e-17
  97.7000000       4.43268e-17       4.08235e-18       4.02444e-17
  97.8000000       4.36453e-17       4.20000e-18       3.94453e-17
  97.9000000       4.14223e-17       4.31765e-18       3.71046e-17
  98.0000000       3.89741e-17       4.43529e-18       3.45388e-17
  98.1000000       4.17720e-17       4.55294e-18       3.72190e-17
  98.4800000       4.54296e-17       5.00000e-18       4.04296e-17
  99.0300000       3.52233e-17       6.00000e-18       2.92233e-17
 100.0000000       2.93984e-17       7.00000e-18       2.23984e-17
 101.6300000       2.19009e-17       7.70000e-18       1.42009e-17
 102.0000000       2.48360e-17       7.53812e-18       1.72979e-17
 102.1000000       2.81068e-17       7.49438e-18       2.06125e-17
 103.2300000       1.83433e-17       7.00000e-18       1.13433e-17
 104.1000000       1.11804e-17       6.00000e-18       5.18037e-18
 104.7200000       1.16117e-17       5.00000e-18       6.61171e-18
 105.5200000       7.61684e-18       4.00000e-18       3.61684e-18
 106.3300000       7.00313e-18       3.00000e-18       4.00313e-18
 106.7900000       5.45951e-18       2.00000e-18       3.45951e-18
 107.3500000       3.39531e-18       1.00000e-18       2.39531e-18
 109.6200000       1.00000e-19       1.00000e-19       0.00000e+00
 111.3300000       5.00000e-19       5.00000e-19       0.00000e+00
 114.8000000       1.00000e-18       1.00000e-18       0.00000e+00
 114.9000000       1.04673e-18       1.04673e-18       0.00000e+00
 115.0000000       1.09346e-18       1.09346e-18       0.00000e+00
 115.1000000       1.14019e-18       1.14019e-18       0.00000e+00
 115.2000000       1.18692e-18       1.18692e-18       0.00000e+00
 115.3000000       1.23364e-18       1.23364e-18       0.00000e+00
 115.4000000       1.28037e-18       1.28037e-18       0.00000e+00
 115.5000000       1.32710e-18       1.32710e-18       0.00000e+00
 115.6000000       1.37383e-18       1.37383e-18       0.00000e+00
 115.7000000       1.42057e-18       1.42057e-18       0.00000e+00
 115.8000000       1.46731e-18       1.46731e-18       0.00000e+00
 115.8700000       1.50004e-18       1.50004e-18       0.00000e+00
 115.9000000       1.53415e-18       1.53415e-18       0.00000e+00
 116.0000000       1.64790e-18       1.64790e-18       0.00000e+00
 116.1000000       1.76188e-18       1.76188e-18       0.00000e+00
 116.2000000       1.87645e-18       1.87645e-18       0.00000e+00
 116.3000000       1.99246e-18       1.99246e-18       0.00000e+00
 116.3100000       2.00420e-18       2.00420e-18       0.00000e+00
 116.4000000       2.21410e-18       2.21410e-18       0.00000e+00
 116.5000000       2.45439e-18       2.45439e-18       0.00000e+00
 116.5300000       2.52889e-18       2.52889e-18       0.00000e+00
 116.6000000       2.96407e-18       2.96407e-18       0.00000e+00
 116.7000000       3.61116e-18       3.61116e-18       0.00000e+00
 116.8000000       4.30868e-18       4.30868e-18       0.00000e+00
 116.9000000       5.08981e-18       5.08981e-18       0.00000e+00
 116.9700000       5.70999e-18       5.70999e-18       0.00000e+00
 117.0000000       5.46765e-18       5.46765e-18       0.00000e+00
 117.1000000       4.78666e-18       4.78666e-18       0.00000e+00
 117.1900000       4.37391e-18       4.37391e-18       0.00000e+00
 117.2000000       4.44260e-18       4.44260e-18       0.00000e+00
 117.3000000       5.28459e-18       5.28459e-18       0.00000e+00
 117.4000000       6.40489e-18       6.40489e-18       0.00000e+00
 117.5000000       7.75507e-18       7.75507e-18       0.00000e+00
 117.6000000       9.22403e-18       9.22403e-18       0.00000e+00
 117.7000000       1.06438e-17       1.06438e-17       0.00000e+00
 117.8000000       1.18140e-17       1.18140e-17       0.00000e+00
 117.9000000       1.25425e-17       1.25425e-17       0.00000e+00
 118.0000000       1.26899e-17       1.26899e-17       0.00000e+00
 118.0800000       1.23518e-17       1.23518e-17       0.00000e+00
 118.1000000       1.22362e-17       1.22362e-17       0.00000e+00
 118.2000000       1.13248e-17       1.13248e-17       0.00000e+00
 118.3000000       9.97161e-18       9.97161e-18       0.00000e+00
 118.4000000       8.36893e-18       8.36893e-18       0.00000e+00
 118.5000000       6.71702e-18       6.71702e-18       0.00000e+00
 118.6000000       5.18390e-18       5.18390e-18       0.00000e+00
 118.7000000       3.88065e-18       3.88065e-18       0.00000e+00
 118.8000000       2.85571e-18       2.85571e-18       0.00000e+00
 118.9000000       2.10487e-18       2.10487e-18       0.00000e+00
 119.0000000       1.58963e-18       1.58963e-18       0.00000e+00
 119.1000000       1.25647e-18       1.25647e-18       0.00000e+00
 119.2000000       1.05184e-18       1.05184e-18       0.00000e+00
 119.3000000       9.30820e-19       9.30820e-19       0.00000e+00
 119.4000000       8.60229e-19       8.60229e-19       0.00000e+00
 119.5000000       8.17958e-19       8.17958e-19       0.00000e+00
 119.6000000       7.90535e-19       7.90535e-19       0.00000e+00
 119.7000000       7.70398e-19       7.70398e-19       0.00000e+00
 119.8000000       7.53612e-19       7.53612e-19       0.00000e+00
 119.9000000       7.38272e-19       7.38272e-19       0.00000e+00
 120.0000000       7.23519e-19       7.23519e-19       0.00000e+00
 120.1000000       7.08990e-19       7.08990e-19       0.00000e+00
 120.2000000       6.94542e-19       6.94542e-19       0.00000e+00
 120.3000000       6.80120e-19       6.80120e-19       0.00000e+00
 120.4000000       6.65707e-19       6.65707e-19       0.00000e+00
 120.5000000       6.51297e-19       6.51297e-19       0.00000e+00
 120.6000000       6.36888e-19       6.36888e-19       0.00000e+00
 120.7000000       6.22478e-19       6.22478e-19       0.00000e+00
 120.8000000       6.08069e-19       6.08069e-19       0.00000e+00
 120.9000000       5.93660e-19       5.93660e-19       0.00000e+00
 121.1000000       5.64841e-19       5.64841e-19       0.00000e+00
 121.5500000       5.00000e-19       5.00000e-19       0.00000e+00
 125.0000000       0.00000e+00       0.00000e+00       0.00000e+00
 130.9000000       0.00000e+00       0.00000e+00       0.00000e+00
 131.0000000       4.37460e-28       4.37460e-28       0.00000e+00
 131.1000000       2.24579e-27       2.24579e-27       0.00000e+00
 131.2000000       1.09073e-26       1.09073e-26       0.00000e+00
 131.3000000       5.01168e-26       5.01168e-26       0.00000e+00
 131.4000000       2.17855e-25       2.17855e-25       0.00000e+00
 131.5000000       8.95917e-25       8.95917e-25       0.00000e+00
 131.6000000       3.48567e-24       3.48567e-24       0.00000e+00
 131.7000000       1.28299e-23       1.28299e-23       0.00000e+00
 131.8000000       4.46763e-23       4.46763e-23       0.00000e+00
 131.9000000       1.47180e-22       1.47180e-22       0.00000e+00
 132.0000000       4.58710e-22       4.58710e-22       0.00000e+00
 132.1000000       1.35252e-21       1.35252e-21       0.00000e+00
 132.2000000       3.77285e-21       3.77285e-21       0.00000e+00
 132.3000000       9.95660e-21       9.95660e-21       0.00000e+00
 132.4000000       2.48583e-20       2.48583e-20       0.00000e+00
 132.5000000       5.87148e-20       5.87148e-20       0.00000e+00
 132.6000000       1.31203e-19       1.31203e-19       0.00000e+00
 132.7000000       2.77367e-19       2.77367e-19       0.00000e+00
 132.8000000       5.54734e-19       5.54734e-19       0.00000e+00
 132.9000000       1.04962e-18       1.04962e-18       0.00000e+00
 133.0000000       1.87887e-18       1.87887e-18       0.00000e+00
 133.1000000       3.18186e-18       3.18186e-18       0.00000e+00
 133.2000000       5.09778e-18       5.09778e-18       0.00000e+00
 133.3000000       7.72679e-18       7.72679e-18       0.00000e+00
 133.4000000       1.10799e-17       1.10799e-17       0.00000e+00
 133.5000000       1.50310e-17       1.50310e-17       0.00000e+00
 133.6000000       1.92912e-17       1.92912e-17       0.00000e+00
 133.7000000       2.34232e-17       2.34232e-17       0.00000e+00
 133.8000000       2.69062e-17       2.69062e-17       0.00000e+00
 133.9000000       2.92399e-17       2.92399e-17       0.00000e+00
 134.0000000       3.00620e-17       3.00620e-17       0.00000e+00
 134.1000000       2.92399e-17       2.92399e-17       0.00000e+00
 134.2000000       2.69062e-17       2.69062e-17       0.00000e+00
 134.3000000       2.34232e-17       2.34232e-17       0.00000e+00
 134.4000000       1.92912e-17       1.92912e-17       0.00000e+00
 134.5000000       1.50310e-17       1.50310e-17       0.00000e+00
 134.6000000       1.10799e-17       1.10799e-17       0.00000e+00
 134.7000000       7.72679e-18       7.72679e-18       0.00000e+00
 134.8000000       5.09778e-18       5.09778e-18       0.00000e+00
 134.9000000       3.18186e-18       3.18186e-18       0.00000e+00
 135.0000000       1.87887e-18       1.87887e-18       0.00000e+00
 135.1000000       1.04962e-18       1.04962e-18       0.00000e+00
 135.2000000       5.54734e-19       5.54734e-19       0.00000e+00
 135.3000000       2.77367e-19       2.77367e-19       0.00000e+00
 135.4000000       1.31203e-19       1.31203e-19       0.00000e+00
 135.5000000       5.87148e-20       5.87148e-20       0.00000e+00
 135.6000000       2.48583e-20       2.48583e-20       0.00000e+00
 135.7000000       9.95660e-21       9.95660e-21       0.00000e+00
 135.8000000       3.77285e-21       3.77285e-21       0.00000e+00
 135.9000000       1.35252e-21       1.35252e-21       0.00000e+00
 136.0000000       4.58710e-22       4.58710e-22       0.00000e+00
 136.1000000       1.47180e-22       1.47180e-22       0.00000e+00
 136.2000000       4.46763e-23       4.46763e-23       0.00000e+00
 136.3000000       1.28299e-23       1.28299e-23       0.00000e+00
 136.4000000       3.48567e-24       3.48567e-24       0.00000e+00
 136.5000000       8.95917e-25       8.95917e-25       0.00000e+00
 136.6000000       2.17855e-25       2.17855e-25       0.00000e+00
 136.7000000       5.01168e-26       5.01168e-26       0.00000e+00
 136.8000000       1.09073e-26       1.09073e-26       0.00000e+00
 136.9000000       2.24579e-27       2.24579e-27       0.00000e+00
 137.1000000       0.00000e+00       0.00000e+00       0.00000e+00
