# [b'C2H3 cross sections\nHelgi Rafn Hr\xc3\xb3\xc3\xb0marsson 2022-11-16\nreferences: Hunziker+ (1983), Fahr+ (1998), Garcia+ (2021)\nphotoabsorption   -- Photoabsorption cross section (cm2)\nphotodissociation -- Photodissociation cross section (cm2)\nphotoionisation   -- Photoionisation cross section (cm2)']
# 
# wavelength   photoabsorption photodissociation   photoionisation
  90.0000000       5.00705e-17       5.00000e-20       5.00205e-17
  91.0000000       5.00705e-17       5.00000e-20       5.00205e-17
  91.1000000       5.00705e-17       5.00000e-20       5.00205e-17
  92.0000000       5.00705e-17       5.00000e-20       5.00205e-17
  93.0000000       5.00705e-17       5.00000e-20       5.00205e-17
  94.0000000       5.00705e-17       5.00000e-20       5.00205e-17
  95.0000000       5.00705e-17       5.00000e-20       5.00205e-17
  96.0000000       5.00705e-17       5.00000e-20       5.00205e-17
  97.0000000       5.00705e-17       5.00000e-20       5.00205e-17
  98.0000000       5.00705e-17       5.00000e-20       5.00205e-17
  99.0000000       5.00705e-17       5.00000e-20       5.00205e-17
 100.0000000       5.00705e-17       5.00000e-20       5.00205e-17
 101.0000000       5.00705e-17       5.00000e-20       5.00205e-17
 102.0000000       5.00705e-17       5.00000e-20       5.00205e-17
 103.0000000       5.00705e-17       5.00000e-20       5.00205e-17
 103.3000000       5.00705e-17       5.00000e-20       5.00205e-17
 103.4000000       4.90474e-17       5.00000e-20       4.89974e-17
 103.5000000       4.84100e-17       5.00000e-20       4.83600e-17
 103.6000000       4.93395e-17       5.00000e-20       4.92895e-17
 103.7000000       4.91173e-17       5.00000e-20       4.90673e-17
 103.8000000       4.88001e-17       5.00000e-20       4.87501e-17
 103.9000000       4.93251e-17       5.00000e-20       4.92751e-17
 104.0000000       4.89739e-17       5.00000e-20       4.89239e-17
 104.1000000       5.01644e-17       5.00000e-20       5.01144e-17
 104.2000000       4.96072e-17       5.00000e-20       4.95572e-17
 104.3000000       4.88719e-17       5.00000e-20       4.88219e-17
 104.4000000       4.96368e-17       5.00000e-20       4.95868e-17
 104.5000000       4.86556e-17       5.00000e-20       4.86056e-17
 104.6000000       4.66239e-17       5.00000e-20       4.65739e-17
 104.7000000       4.90907e-17       5.00000e-20       4.90407e-17
 104.8000000       4.49013e-17       5.00000e-20       4.48513e-17
 104.9000000       4.32709e-17       5.00000e-20       4.32209e-17
 105.0000000       4.87608e-17       5.00000e-20       4.87108e-17
 105.1000000       4.89109e-17       5.00000e-20       4.88609e-17
 105.2000000       4.86541e-17       5.00000e-20       4.86041e-17
 105.3000000       4.72860e-17       5.00000e-20       4.72360e-17
 105.4000000       5.00057e-17       5.00000e-20       4.99557e-17
 105.5000000       4.80413e-17       5.00000e-20       4.79913e-17
 105.6000000       4.91418e-17       5.00000e-20       4.90918e-17
 105.7000000       4.92945e-17       5.00000e-20       4.92445e-17
 105.8000000       4.88352e-17       5.00000e-20       4.87852e-17
 105.9000000       4.83839e-17       5.00000e-20       4.83339e-17
 106.0000000       4.86532e-17       5.00000e-20       4.86032e-17
 106.1000000       4.89833e-17       5.00000e-20       4.89333e-17
 106.2000000       5.04825e-17       5.00000e-20       5.04325e-17
 106.3000000       4.74508e-17       5.00000e-20       4.74008e-17
 106.4000000       4.88443e-17       5.00000e-20       4.87943e-17
 106.5000000       4.94303e-17       5.00000e-20       4.93803e-17
 106.6000000       4.70606e-17       5.00000e-20       4.70106e-17
 106.7000000       4.67927e-17       5.00000e-20       4.67427e-17
 106.8000000       4.67067e-17       5.00000e-20       4.66567e-17
 106.9000000       4.71393e-17       5.00000e-20       4.70893e-17
 107.0000000       4.58780e-17       5.00000e-20       4.58280e-17
 107.1000000       4.71322e-17       5.00000e-20       4.70822e-17
 107.2000000       4.56818e-17       5.00000e-20       4.56318e-17
 107.3000000       4.54291e-17       5.00000e-20       4.53791e-17
 107.4000000       4.67866e-17       5.00000e-20       4.67366e-17
 107.5000000       4.83776e-17       5.00000e-20       4.83276e-17
 107.6000000       4.59601e-17       5.00000e-20       4.59101e-17
 107.7000000       4.57566e-17       5.00000e-20       4.57066e-17
 107.8000000       4.57412e-17       5.00000e-20       4.56912e-17
 107.9000000       4.55039e-17       5.00000e-20       4.54539e-17
 108.0000000       4.43987e-17       5.00000e-20       4.43487e-17
 108.1000000       4.59814e-17       5.00000e-20       4.59314e-17
 108.2000000       4.63332e-17       5.00000e-20       4.62832e-17
 108.3000000       4.51912e-17       5.00000e-20       4.51412e-17
 108.4000000       4.51322e-17       5.00000e-20       4.50822e-17
 108.5000000       4.48862e-17       5.00000e-20       4.48362e-17
 108.6000000       4.54400e-17       5.00000e-20       4.53900e-17
 108.7000000       4.45248e-17       5.00000e-20       4.44748e-17
 108.8000000       4.35387e-17       5.00000e-20       4.34887e-17
 108.9000000       3.98322e-17       5.00000e-20       3.97822e-17
 109.0000000       3.85484e-17       5.00000e-20       3.84984e-17
 109.1000000       3.75815e-17       5.00000e-20       3.75315e-17
 109.2000000       3.72645e-17       5.00000e-20       3.72145e-17
 109.3000000       3.79730e-17       5.00000e-20       3.79230e-17
 109.4000000       3.71582e-17       5.00000e-20       3.71082e-17
 109.5000000       3.70283e-17       5.00000e-20       3.69783e-17
 109.6000000       3.66207e-17       5.00000e-20       3.65707e-17
 109.7000000       3.63256e-17       5.00000e-20       3.62756e-17
 109.8000000       3.72878e-17       5.00000e-20       3.72378e-17
 109.9000000       3.63566e-17       5.00000e-20       3.63066e-17
 110.0000000       3.75651e-17       5.00000e-20       3.75151e-17
 110.1000000       3.57821e-17       5.00000e-20       3.57321e-17
 110.2000000       3.66567e-17       5.00000e-20       3.66067e-17
 110.3000000       3.58344e-17       5.00000e-20       3.57844e-17
 110.4000000       3.66152e-17       5.00000e-20       3.65652e-17
 110.5000000       3.74466e-17       5.00000e-20       3.73966e-17
 110.6000000       3.72529e-17       5.00000e-20       3.72029e-17
 110.7000000       3.57660e-17       5.00000e-20       3.57160e-17
 110.8000000       3.68791e-17       5.00000e-20       3.68291e-17
 110.9000000       3.61366e-17       5.00000e-20       3.60866e-17
 111.0000000       3.50521e-17       5.00000e-20       3.50021e-17
 111.1000000       3.40957e-17       5.00000e-20       3.40457e-17
 111.2000000       3.46897e-17       5.00000e-20       3.46397e-17
 111.3000000       3.35157e-17       5.00000e-20       3.34657e-17
 111.4000000       3.45859e-17       5.00000e-20       3.45359e-17
 111.5000000       3.38682e-17       5.00000e-20       3.38182e-17
 111.6000000       3.52918e-17       5.00000e-20       3.52418e-17
 111.7000000       3.48983e-17       5.00000e-20       3.48483e-17
 111.8000000       3.36994e-17       5.00000e-20       3.36494e-17
 111.9000000       3.41578e-17       5.00000e-20       3.41078e-17
 112.0000000       3.30577e-17       5.00000e-20       3.30077e-17
 112.1000000       3.31915e-17       5.00000e-20       3.31415e-17
 112.2000000       3.35449e-17       5.00000e-20       3.34949e-17
 112.3000000       3.28115e-17       5.00000e-20       3.27615e-17
 112.4000000       3.30841e-17       5.00000e-20       3.30341e-17
 112.5000000       3.27228e-17       5.00000e-20       3.26728e-17
 112.6000000       3.20540e-17       5.00000e-20       3.20040e-17
 112.7000000       3.23191e-17       5.00000e-20       3.22691e-17
 112.8000000       3.17359e-17       5.00000e-20       3.16859e-17
 112.9000000       3.14338e-17       5.00000e-20       3.13838e-17
 113.0000000       3.20304e-17       5.00000e-20       3.19804e-17
 113.1000000       3.13211e-17       5.00000e-20       3.12711e-17
 113.2000000       3.16818e-17       5.00000e-20       3.16318e-17
 113.3000000       3.20396e-17       5.00000e-20       3.19896e-17
 113.4000000       3.06794e-17       5.00000e-20       3.06294e-17
 113.5000000       3.04150e-17       5.00000e-20       3.03650e-17
 113.6000000       3.12866e-17       5.00000e-20       3.12366e-17
 113.7000000       3.05155e-17       5.00000e-20       3.04655e-17
 113.8000000       3.02293e-17       5.00000e-20       3.01793e-17
 113.9000000       2.93459e-17       5.00000e-20       2.92959e-17
 114.0000000       2.92521e-17       5.00000e-20       2.92021e-17
 114.1000000       3.03946e-17       5.00000e-20       3.03446e-17
 114.2000000       3.00792e-17       5.00000e-20       3.00292e-17
 114.3000000       3.04670e-17       5.00000e-20       3.04170e-17
 114.4000000       2.90534e-17       5.00000e-20       2.90034e-17
 114.5000000       2.85473e-17       5.00000e-20       2.84973e-17
 114.6000000       2.94681e-17       5.00000e-20       2.94181e-17
 114.7000000       2.88310e-17       5.00000e-20       2.87810e-17
 114.8000000       2.87617e-17       5.00000e-20       2.87117e-17
 114.9000000       2.89196e-17       5.00000e-20       2.88696e-17
 115.0000000       2.86671e-17       5.00000e-20       2.86171e-17
 115.1000000       2.87353e-17       5.00000e-20       2.86853e-17
 115.2000000       2.81224e-17       5.00000e-20       2.80724e-17
 115.3000000       2.67824e-17       5.00000e-20       2.67324e-17
 115.4000000       2.58227e-17       5.00000e-20       2.57727e-17
 115.5000000       2.61306e-17       5.00000e-20       2.60806e-17
 115.6000000       2.54166e-17       5.00000e-20       2.53666e-17
 115.7000000       2.53053e-17       5.00000e-20       2.52553e-17
 115.8000000       2.67420e-17       5.00000e-20       2.66920e-17
 115.9000000       2.59433e-17       5.00000e-20       2.58933e-17
 116.0000000       2.65396e-17       5.00000e-20       2.64896e-17
 116.1000000       2.60233e-17       5.00000e-20       2.59733e-17
 116.2000000       2.68617e-17       5.00000e-20       2.68117e-17
 116.3000000       2.61207e-17       5.00000e-20       2.60707e-17
 116.4000000       2.54975e-17       5.00000e-20       2.54475e-17
 116.5000000       2.60807e-17       5.00000e-20       2.60307e-17
 116.6000000       2.52974e-17       5.00000e-20       2.52474e-17
 116.7000000       2.63634e-17       5.00000e-20       2.63134e-17
 116.8000000       2.59273e-17       5.00000e-20       2.58773e-17
 116.9000000       2.61619e-17       5.00000e-20       2.61119e-17
 117.0000000       2.53001e-17       5.00000e-20       2.52501e-17
 117.1000000       2.46675e-17       5.00000e-20       2.46175e-17
 117.2000000       2.48008e-17       5.00000e-20       2.47508e-17
 117.3000000       2.43647e-17       5.00000e-20       2.43147e-17
 117.4000000       2.35743e-17       5.00000e-20       2.35243e-17
 117.5000000       2.51574e-17       5.00000e-20       2.51074e-17
 117.6000000       2.51645e-17       5.00000e-20       2.51145e-17
 117.7000000       2.65742e-17       5.00000e-20       2.65242e-17
 117.8000000       2.51594e-17       5.00000e-20       2.51094e-17
 117.9000000       2.57263e-17       5.00000e-20       2.56763e-17
 118.0000000       2.42412e-17       5.00000e-20       2.41912e-17
 118.1000000       2.44188e-17       5.00000e-20       2.43688e-17
 118.2000000       2.31325e-17       5.00000e-20       2.30825e-17
 118.3000000       2.35770e-17       5.00000e-20       2.35270e-17
 118.4000000       2.36134e-17       5.00000e-20       2.35634e-17
 118.5000000       2.45073e-17       5.00000e-20       2.44573e-17
 118.6000000       2.30386e-17       5.00000e-20       2.29886e-17
 118.7000000       2.36670e-17       5.00000e-20       2.36170e-17
 118.8000000       2.45666e-17       5.00000e-20       2.45166e-17
 118.9000000       2.43653e-17       5.00000e-20       2.43153e-17
 119.0000000       2.38767e-17       5.00000e-20       2.38267e-17
 119.1000000       2.35424e-17       5.00000e-20       2.34924e-17
 119.2000000       2.19319e-17       5.00000e-20       2.18819e-17
 119.3000000       2.22319e-17       5.00000e-20       2.21819e-17
 119.4000000       2.42676e-17       5.00000e-20       2.42176e-17
 119.5000000       2.55472e-17       5.00000e-20       2.54972e-17
 119.6000000       2.56085e-17       5.00000e-20       2.55585e-17
 119.7000000       2.57444e-17       5.00000e-20       2.56944e-17
 119.8000000       2.57572e-17       5.00000e-20       2.57072e-17
 119.9000000       2.39871e-17       5.00000e-20       2.39371e-17
 120.0000000       2.17010e-17       5.00000e-20       2.16510e-17
 120.1000000       1.96202e-17       5.00000e-20       1.95702e-17
 120.2000000       1.91636e-17       5.00000e-20       1.91136e-17
 120.3000000       1.90951e-17       5.00000e-20       1.90451e-17
 120.4000000       2.03681e-17       5.00000e-20       2.03181e-17
 120.5000000       2.13601e-17       5.00000e-20       2.13101e-17
 120.6000000       2.23243e-17       5.00000e-20       2.22743e-17
 120.7000000       2.30965e-17       5.00000e-20       2.30465e-17
 120.8000000       2.37581e-17       5.00000e-20       2.37081e-17
 120.9000000       2.41709e-17       5.00000e-20       2.41209e-17
 121.0000000       2.12375e-17       5.00000e-20       2.11875e-17
 121.1000000       2.11418e-17       5.00000e-20       2.10918e-17
 121.2000000       2.27919e-17       5.00000e-20       2.27419e-17
 121.3000000       2.51555e-17       5.00000e-20       2.51055e-17
 121.4000000       2.53709e-17       5.00000e-20       2.53209e-17
 121.5000000       2.50242e-17       5.00000e-20       2.49742e-17
 121.6000000       2.75530e-17       5.00000e-20       2.75030e-17
 121.7000000       2.66812e-17       5.00000e-20       2.66312e-17
 121.8000000       2.53340e-17       5.00000e-20       2.52840e-17
 121.9000000       2.34100e-17       5.00000e-20       2.33600e-17
 122.0000000       2.00274e-17       5.00000e-20       1.99774e-17
 122.1000000       1.76193e-17       5.00000e-20       1.75693e-17
 122.2000000       1.75976e-17       5.00000e-20       1.75476e-17
 122.3000000       1.82982e-17       5.00000e-20       1.82482e-17
 122.4000000       1.92704e-17       5.00000e-20       1.92204e-17
 122.5000000       2.04535e-17       5.00000e-20       2.04035e-17
 122.6000000       2.06453e-17       5.00000e-20       2.05953e-17
 122.7000000       2.11613e-17       5.00000e-20       2.11113e-17
 122.8000000       2.09984e-17       5.00000e-20       2.09484e-17
 122.9000000       2.14026e-17       5.00000e-20       2.13526e-17
 123.0000000       2.19978e-17       5.00000e-20       2.19478e-17
 123.1000000       2.20553e-17       5.00000e-20       2.20053e-17
 123.2000000       2.32560e-17       5.00000e-20       2.32060e-17
 123.3000000       2.47109e-17       5.00000e-20       2.46609e-17
 123.4000000       2.40334e-17       5.00000e-20       2.39834e-17
 123.5000000       2.32854e-17       5.00000e-20       2.32354e-17
 123.6000000       2.07248e-17       5.00000e-20       2.06748e-17
 123.7000000       2.11487e-17       5.00000e-20       2.10987e-17
 123.8000000       2.27877e-17       5.00000e-20       2.27377e-17
 123.9000000       2.25330e-17       5.00000e-20       2.24830e-17
 124.0000000       1.94042e-17       5.00000e-20       1.93542e-17
 124.1000000       1.77171e-17       5.00000e-20       1.76671e-17
 124.2000000       1.78279e-17       5.00000e-20       1.77779e-17
 124.3000000       1.82952e-17       5.00000e-20       1.82452e-17
 124.4000000       1.92847e-17       5.00000e-20       1.92347e-17
 124.5000000       2.06313e-17       5.00000e-20       2.05813e-17
 124.6000000       2.10238e-17       5.00000e-20       2.09738e-17
 124.7000000       2.17725e-17       5.00000e-20       2.17225e-17
 124.8000000       2.21259e-17       5.00000e-20       2.20759e-17
 124.9000000       2.19451e-17       5.00000e-20       2.18951e-17
 125.0000000       2.19845e-17       5.00000e-20       2.19345e-17
 125.1000000       2.15426e-17       5.00000e-20       2.14926e-17
 125.2000000       2.10521e-17       5.00000e-20       2.10021e-17
 125.3000000       2.04322e-17       5.00000e-20       2.03822e-17
 125.4000000       2.09108e-17       5.00000e-20       2.08608e-17
 125.5000000       2.28339e-17       5.00000e-20       2.27839e-17
 125.6000000       1.97253e-17       5.00000e-20       1.96753e-17
 125.7000000       1.73108e-17       5.00000e-20       1.72608e-17
 125.8000000       1.69711e-17       5.00000e-20       1.69211e-17
 125.9000000       1.78511e-17       5.00000e-20       1.78011e-17
 126.0000000       1.90050e-17       5.00000e-20       1.89550e-17
 126.1000000       2.05276e-17       5.00000e-20       2.04776e-17
 126.2000000       2.06561e-17       5.00000e-20       2.06061e-17
 126.3000000       2.04458e-17       5.00000e-20       2.03958e-17
 126.4000000       2.09800e-17       5.00000e-20       2.09300e-17
 126.5000000       2.08855e-17       5.00000e-20       2.08355e-17
 126.6000000       2.11612e-17       5.00000e-20       2.11112e-17
 126.7000000       2.15278e-17       5.00000e-20       2.14778e-17
 126.8000000       2.16730e-17       5.00000e-20       2.16230e-17
 126.9000000       2.18153e-17       5.00000e-20       2.17653e-17
 127.0000000       2.19868e-17       5.00000e-20       2.19368e-17
 127.1000000       2.11699e-17       5.00000e-20       2.11199e-17
 127.2000000       2.05547e-17       5.00000e-20       2.05047e-17
 127.3000000       1.89737e-17       5.00000e-20       1.89237e-17
 127.4000000       1.70496e-17       5.00000e-20       1.69996e-17
 127.5000000       1.54401e-17       5.00000e-20       1.53901e-17
 127.6000000       1.40820e-17       5.00000e-20       1.40320e-17
 127.7000000       1.37319e-17       5.00000e-20       1.36819e-17
 127.8000000       1.39826e-17       5.00000e-20       1.39326e-17
 127.9000000       1.41943e-17       5.00000e-20       1.41443e-17
 128.0000000       1.47927e-17       5.00000e-20       1.47427e-17
 128.1000000       1.52519e-17       5.00000e-20       1.52019e-17
 128.2000000       1.55272e-17       5.00000e-20       1.54772e-17
 128.3000000       1.62033e-17       5.00000e-20       1.61533e-17
 128.4000000       1.67004e-17       5.00000e-20       1.66504e-17
 128.5000000       1.75134e-17       5.00000e-20       1.74634e-17
 128.6000000       1.82011e-17       5.00000e-20       1.81511e-17
 128.7000000       1.87885e-17       5.00000e-20       1.87385e-17
 128.8000000       1.90500e-17       5.00000e-20       1.90000e-17
 128.9000000       1.99163e-17       5.00000e-20       1.98663e-17
 129.0000000       1.99502e-17       5.00000e-20       1.99002e-17
 129.1000000       2.05163e-17       5.00000e-20       2.04663e-17
 129.2000000       2.04795e-17       5.00000e-20       2.04295e-17
 129.3000000       1.99901e-17       5.00000e-20       1.99401e-17
 129.4000000       1.89967e-17       5.00000e-20       1.89467e-17
 129.5000000       1.65590e-17       5.00000e-20       1.65090e-17
 129.6000000       1.44811e-17       5.00000e-20       1.44311e-17
 129.7000000       1.23928e-17       5.00000e-20       1.23428e-17
 129.8000000       1.12706e-17       5.00000e-20       1.12206e-17
 129.9000000       1.10233e-17       5.00000e-20       1.09733e-17
 130.0000000       1.10543e-17       5.00000e-20       1.10043e-17
 130.1000000       1.12457e-17       5.00000e-20       1.11957e-17
 130.2000000       1.14408e-17       5.00000e-20       1.13908e-17
 130.3000000       1.13484e-17       5.00000e-20       1.12984e-17
 130.4000000       1.17496e-17       5.00000e-20       1.16996e-17
 130.5000000       1.20515e-17       5.00000e-20       1.20015e-17
 130.6000000       1.20891e-17       5.00000e-20       1.20391e-17
 130.7000000       1.24215e-17       5.00000e-20       1.23715e-17
 130.8000000       1.29737e-17       5.00000e-20       1.29237e-17
 130.9000000       1.35024e-17       5.00000e-20       1.34524e-17
 131.0000000       1.39422e-17       5.00000e-20       1.38922e-17
 131.1000000       1.47386e-17       5.00000e-20       1.46886e-17
 131.2000000       1.47108e-17       5.00000e-20       1.46608e-17
 131.3000000       1.50782e-17       5.00000e-20       1.50282e-17
 131.4000000       1.49000e-17       5.00000e-20       1.48500e-17
 131.5000000       1.49065e-17       5.00000e-20       1.48565e-17
 131.6000000       1.47117e-17       5.00000e-20       1.46617e-17
 131.7000000       1.41064e-17       5.00000e-20       1.40564e-17
 131.8000000       1.30953e-17       5.00000e-20       1.30453e-17
 131.9000000       1.20268e-17       5.00000e-20       1.19768e-17
 132.0000000       1.13299e-17       5.00000e-20       1.12799e-17
 132.1000000       1.09549e-17       5.00000e-20       1.09049e-17
 132.2000000       1.13181e-17       5.00000e-20       1.12681e-17
 132.3000000       1.10138e-17       5.00000e-20       1.09638e-17
 132.4000000       1.08098e-17       5.00000e-20       1.07598e-17
 132.5000000       1.04739e-17       5.00000e-20       1.04239e-17
 132.6000000       9.82170e-18       5.00000e-20       9.77170e-18
 132.7000000       9.43550e-18       5.00000e-20       9.38550e-18
 132.8000000       9.37330e-18       5.00000e-20       9.32330e-18
 132.9000000       9.35850e-18       5.00000e-20       9.30850e-18
 133.0000000       9.56156e-18       5.00000e-20       9.51156e-18
 133.1000000       9.76367e-18       5.00000e-20       9.71367e-18
 133.2000000       9.57690e-18       5.00000e-20       9.52690e-18
 133.3000000       9.82799e-18       5.00000e-20       9.77799e-18
 133.4000000       9.78162e-18       5.00000e-20       9.73162e-18
 133.5000000       9.65204e-18       5.00000e-20       9.60204e-18
 133.6000000       9.53203e-18       5.00000e-20       9.48203e-18
 133.7000000       9.45060e-18       5.00000e-20       9.40060e-18
 133.8000000       9.34161e-18       5.00000e-20       9.29161e-18
 133.9000000       9.09331e-18       5.00000e-20       9.04331e-18
 134.0000000       9.33216e-18       5.00000e-20       9.28216e-18
 134.1000000       8.94680e-18       5.00000e-20       8.89680e-18
 134.2000000       9.13859e-18       5.00000e-20       9.08859e-18
 134.3000000       9.09104e-18       5.00000e-20       9.04104e-18
 134.4000000       9.04912e-18       5.00000e-20       8.99912e-18
 134.5000000       9.23430e-18       5.00000e-20       9.18430e-18
 134.6000000       9.96260e-18       5.00000e-20       9.91260e-18
 134.7000000       1.08310e-17       5.00000e-20       1.07810e-17
 134.8000000       1.03076e-17       5.00000e-20       1.02576e-17
 134.9000000       8.84754e-18       5.00000e-20       8.79754e-18
 135.0000000       7.91594e-18       5.00000e-20       7.86594e-18
 135.1000000       7.35730e-18       5.00000e-20       7.30730e-18
 135.2000000       7.33296e-18       5.00000e-20       7.28296e-18
 135.3000000       7.25062e-18       5.00000e-20       7.20062e-18
 135.4000000       7.11244e-18       5.00000e-20       7.06244e-18
 135.5000000       7.00045e-18       5.00000e-20       6.95045e-18
 135.6000000       6.94198e-18       5.00000e-20       6.89198e-18
 135.7000000       6.83420e-18       5.00000e-20       6.78420e-18
 135.8000000       6.65506e-18       5.00000e-20       6.60506e-18
 135.9000000       6.49637e-18       5.00000e-20       6.44637e-18
 136.0000000       6.11070e-18       5.00000e-20       6.06070e-18
 136.1000000       5.94989e-18       5.00000e-20       5.89989e-18
 136.2000000       5.76720e-18       5.00000e-20       5.71720e-18
 136.3000000       5.77297e-18       5.00000e-20       5.72297e-18
 136.4000000       5.61891e-18       5.00000e-20       5.56891e-18
 136.5000000       5.55265e-18       5.00000e-20       5.50265e-18
 136.6000000       5.27440e-18       5.00000e-20       5.22440e-18
 136.7000000       5.05351e-18       5.00000e-20       5.00351e-18
 136.8000000       5.12100e-18       5.00000e-20       5.07100e-18
 136.9000000       5.05273e-18       5.00000e-20       5.00273e-18
 137.0000000       4.73012e-18       5.00000e-20       4.68012e-18
 137.1000000       4.71841e-18       5.00000e-20       4.66841e-18
 137.2000000       4.67226e-18       5.00000e-20       4.62226e-18
 137.3000000       4.67864e-18       5.00000e-20       4.62864e-18
 137.4000000       4.49498e-18       5.00000e-20       4.44498e-18
 137.5000000       4.32805e-18       5.00000e-20       4.27805e-18
 137.6000000       4.24990e-18       5.00000e-20       4.19990e-18
 137.7000000       4.02919e-18       5.00000e-20       3.97919e-18
 137.8000000       3.87034e-18       5.00000e-20       3.82034e-18
 137.9000000       3.68010e-18       5.00000e-20       3.63010e-18
 138.0000000       3.53238e-18       5.00000e-20       3.48238e-18
 138.1000000       3.54176e-18       5.00000e-20       3.49176e-18
 138.2000000       3.44560e-18       5.00000e-20       3.39560e-18
 138.3000000       3.49145e-18       5.00000e-20       3.44145e-18
 138.4000000       3.20265e-18       5.00000e-20       3.15265e-18
 138.5000000       3.03565e-18       5.00000e-20       2.98565e-18
 138.6000000       2.97305e-18       5.00000e-20       2.92305e-18
 138.7000000       2.98037e-18       5.00000e-20       2.93037e-18
 138.8000000       2.90743e-18       5.00000e-20       2.85743e-18
 138.9000000       2.76969e-18       5.00000e-20       2.71969e-18
 139.0000000       2.77354e-18       5.00000e-20       2.72354e-18
 139.1000000       2.55743e-18       5.00000e-20       2.50743e-18
 139.2000000       2.64032e-18       5.00000e-20       2.59032e-18
 139.3000000       2.50032e-18       5.00000e-20       2.45032e-18
 139.4000000       2.43348e-18       5.00000e-20       2.38348e-18
 139.5000000       2.35520e-18       5.00000e-20       2.30520e-18
 139.6000000       2.24889e-18       5.00000e-20       2.19889e-18
 139.7000000       2.08586e-18       5.00000e-20       2.03586e-18
 139.8000000       2.01915e-18       5.00000e-20       1.96915e-18
 139.9000000       1.96821e-18       5.00000e-20       1.91821e-18
 140.0000000       1.96194e-18       5.00000e-20       1.91194e-18
 140.1000000       1.90660e-18       5.00000e-20       1.85660e-18
 140.2000000       1.85559e-18       5.00000e-20       1.80559e-18
 140.3000000       1.83416e-18       5.00000e-20       1.78416e-18
 140.4000000       1.72322e-18       5.00000e-20       1.67322e-18
 140.5000000       1.58151e-18       5.00000e-20       1.53151e-18
 140.6000000       1.54993e-18       5.00000e-20       1.49993e-18
 140.7000000       1.52590e-18       5.00000e-20       1.47590e-18
 140.8000000       1.43319e-18       5.00000e-20       1.38319e-18
 140.9000000       1.49662e-18       5.00000e-20       1.44662e-18
 141.0000000       1.32863e-18       5.00000e-20       1.27863e-18
 141.1000000       1.20366e-18       5.00000e-20       1.15366e-18
 141.2000000       1.25243e-18       5.00000e-20       1.20243e-18
 141.3000000       1.22084e-18       5.00000e-20       1.17084e-18
 141.4000000       1.21666e-18       5.00000e-20       1.16666e-18
 141.5000000       1.16123e-18       5.00000e-20       1.11123e-18
 141.6000000       1.04375e-18       5.00000e-20       9.93747e-19
 141.7000000       9.92512e-19       5.00000e-20       9.42512e-19
 141.8000000       9.72780e-19       5.00000e-20       9.22780e-19
 141.9000000       9.40163e-19       5.00000e-20       8.90163e-19
 142.0000000       8.97295e-19       5.00000e-20       8.47295e-19
 142.1000000       9.53920e-19       5.00000e-20       9.03920e-19
 142.2000000       9.36153e-19       5.00000e-20       8.86153e-19
 142.3000000       8.68838e-19       5.00000e-20       8.18838e-19
 142.4000000       8.09258e-19       5.00000e-20       7.59258e-19
 142.5000000       8.50915e-19       5.00000e-20       8.00915e-19
 142.6000000       7.65822e-19       5.00000e-20       7.15822e-19
 142.7000000       7.21104e-19       5.00000e-20       6.71104e-19
 142.8000000       7.46008e-19       5.00000e-20       6.96008e-19
 142.9000000       7.43424e-19       5.00000e-20       6.93424e-19
 143.0000000       6.16863e-19       5.00000e-20       5.66863e-19
 143.1000000       6.36035e-19       5.00000e-20       5.86035e-19
 143.2000000       6.13433e-19       5.00000e-20       5.63433e-19
 143.3000000       5.99623e-19       5.00000e-20       5.49623e-19
 143.4000000       5.32431e-19       5.00000e-20       4.82431e-19
 143.5000000       5.35922e-19       5.00000e-20       4.85922e-19
 143.6000000       4.76227e-19       5.00000e-20       4.26227e-19
 143.7000000       4.86033e-19       5.00000e-20       4.36033e-19
 143.8000000       4.47186e-19       5.00000e-20       3.97186e-19
 143.9000000       4.31583e-19       5.00000e-20       3.81583e-19
 144.0000000       4.24732e-19       5.00000e-20       3.74732e-19
 144.1000000       3.99917e-19       5.22036e-20       3.47713e-19
 144.2000000       4.06684e-19       5.44071e-20       3.52277e-19
 144.3000000       3.47569e-19       5.66107e-20       2.90958e-19
 144.4000000       3.42832e-19       5.88143e-20       2.84018e-19
 144.5000000       3.96167e-19       6.10179e-20       3.35149e-19
 144.6000000       3.03882e-19       6.32214e-20       2.40661e-19
 144.7000000       3.49657e-19       6.54250e-20       2.84232e-19
 144.8000000       3.39212e-19       6.76286e-20       2.71583e-19
 144.9000000       3.26187e-19       6.98322e-20       2.56355e-19
 145.0000000       3.09530e-19       7.20357e-20       2.37494e-19
 145.1000000       2.92834e-19       7.27085e-20       2.20125e-19
 145.2000000       2.82433e-19       7.33814e-20       2.09052e-19
 145.3000000       2.83084e-19       7.40542e-20       2.09030e-19
 145.4000000       2.64793e-19       7.47270e-20       1.90066e-19
 145.5000000       2.73369e-19       7.53998e-20       1.97969e-19
 145.6000000       2.24151e-19       7.60726e-20       1.48079e-19
 145.7000000       2.47075e-19       7.67454e-20       1.70329e-19
 145.8000000       2.18926e-19       7.74182e-20       1.41508e-19
 145.9000000       2.17211e-19       7.80910e-20       1.39120e-19
 146.0000000       2.08669e-19       7.87638e-20       1.29905e-19
 146.1000000       2.05827e-19       7.96240e-20       1.26203e-19
 146.2000000       2.07620e-19       8.04842e-20       1.27135e-19
 146.3000000       1.91918e-19       8.13444e-20       1.10574e-19
 146.4000000       1.80896e-19       8.22046e-20       9.86917e-20
 146.5000000       1.71992e-19       8.30648e-20       8.89270e-20
 146.6000000       1.76941e-19       8.39250e-20       9.30164e-20
 146.7000000       1.76750e-19       8.47851e-20       9.19644e-20
 146.8000000       1.64293e-19       8.56453e-20       7.86478e-20
 146.9000000       1.82891e-19       8.65055e-20       9.63855e-20
 147.0000000       1.62799e-19       8.73657e-20       7.54333e-20
 147.1000000       1.51211e-19       8.84599e-20       6.27516e-20
 147.2000000       1.55083e-19       8.95540e-20       6.55295e-20
 147.3000000       1.66679e-19       9.06481e-20       7.60310e-20
 147.4000000       1.45075e-19       9.17422e-20       5.33325e-20
 147.5000000       1.36535e-19       9.28364e-20       4.36982e-20
 147.6000000       1.66259e-19       9.39305e-20       7.23285e-20
 147.7000000       1.44630e-19       9.50246e-20       4.96055e-20
 147.8000000       1.40020e-19       9.61187e-20       4.39013e-20
 147.9000000       1.58578e-19       9.72128e-20       6.13650e-20
 148.0000000       1.51290e-19       9.83070e-20       5.29833e-20
 148.1000000       1.53997e-19       9.96915e-20       5.43059e-20
 148.2000000       1.48732e-19       1.01076e-19       4.76560e-20
 148.3000000       1.50752e-19       1.02460e-19       4.82916e-20
 148.4000000       1.53676e-19       1.03845e-19       4.98307e-20
 148.5000000       1.52469e-19       1.05229e-19       4.72396e-20
 148.6000000       1.51806e-19       1.06614e-19       4.51916e-20
 148.7000000       1.42943e-19       1.07998e-19       3.49443e-20
 148.8000000       1.47623e-19       1.09383e-19       3.82395e-20
 148.9000000       1.50337e-19       1.10767e-19       3.95694e-20
 149.0000000       1.33380e-19       1.12152e-19       2.12282e-20
 149.1000000       1.50473e-19       1.13895e-19       3.65785e-20
 149.2000000       1.69997e-19       1.15638e-19       5.43596e-20
 149.3000000       1.71432e-19       1.17381e-19       5.40512e-20
 149.4000000       1.70118e-19       1.19124e-19       5.09941e-20
 149.5000000       1.63217e-19       1.20866e-19       4.23508e-20
 149.6000000       1.54855e-19       1.22609e-19       3.22461e-20
 149.7000000       1.58180e-19       1.24352e-19       3.38277e-20
 149.8000000       1.73437e-19       1.26095e-19       4.73414e-20
 149.9000000       1.71150e-19       1.27838e-19       4.33118e-20
 150.0000000       1.58278e-19       1.29581e-19       2.86973e-20
 150.1000000       1.56036e-19       1.31764e-19       2.42723e-20
 150.2000000       1.55227e-19       1.33946e-19       2.12805e-20
 150.3000000       1.64153e-19       1.36129e-19       2.80237e-20
 150.4000000       1.72476e-19       1.38312e-19       3.41642e-20
 150.5000000       1.75600e-19       1.40495e-19       3.51052e-20
 150.6000000       1.83518e-19       1.42677e-19       4.08413e-20
 150.7000000       1.81422e-19       1.44860e-19       3.65619e-20
 150.8000000       1.87128e-19       1.47043e-19       4.00852e-20
 150.9000000       1.95805e-19       1.49225e-19       4.65800e-20
 151.0000000       1.93545e-19       1.51408e-19       4.21372e-20
 151.1000000       1.94199e-19       1.54127e-19       4.00713e-20
 151.2000000       1.97141e-19       1.56847e-19       4.02944e-20
 151.3000000       2.03733e-19       1.59566e-19       4.41674e-20
 151.4000000       2.03019e-19       1.62285e-19       4.07336e-20
 151.5000000       2.04053e-19       1.65005e-19       3.90481e-20
 151.6000000       2.13670e-19       1.67724e-19       4.59463e-20
 151.7000000       2.05545e-19       1.70443e-19       3.51020e-20
 151.8000000       2.10938e-19       1.73162e-19       3.77759e-20
 151.9000000       2.15666e-19       1.75882e-19       3.97847e-20
 152.0000000       2.21352e-19       1.78601e-19       4.27513e-20
 152.1000000       2.18385e-19       1.81971e-19       3.64139e-20
 152.2000000       2.16163e-19       1.85341e-19       3.08211e-20
 152.3000000       2.31127e-19       1.88712e-19       4.24158e-20
 152.4000000       2.42849e-19       1.92082e-19       5.07670e-20
 152.5000000       2.52149e-19       1.95452e-19       5.66968e-20
 152.6000000       2.24403e-19       1.98822e-19       2.55814e-20
 152.7000000       2.33770e-19       2.02192e-19       3.15778e-20
 152.8000000       2.39238e-19       2.05562e-19       3.36758e-20
 152.9000000       2.51524e-19       2.08933e-19       4.25916e-20
 153.0000000       2.64728e-19       2.12303e-19       5.24254e-20
 153.1000000       2.48135e-19       2.16458e-19       3.16774e-20
 153.2000000       2.57307e-19       2.20613e-19       3.66941e-20
 153.3000000       2.61320e-19       2.24768e-19       3.65521e-20
 153.4000000       2.67131e-19       2.28923e-19       3.82080e-20
 153.5000000       2.72173e-19       2.33078e-19       3.90951e-20
 153.6000000       2.81651e-19       2.37233e-19       4.44184e-20
 153.7000000       2.84944e-19       2.41387e-19       4.35563e-20
 153.8000000       3.03756e-19       2.45542e-19       5.82134e-20
 153.9000000       2.90336e-19       2.49697e-19       4.06386e-20
 154.0000000       3.00740e-19       2.53852e-19       4.68880e-20
 154.1000000       3.09827e-19       2.58948e-19       5.08793e-20
 154.2000000       3.11591e-19       2.64044e-19       4.75472e-20
 154.3000000       3.19873e-19       2.69139e-19       5.07333e-20
 154.4000000       3.23032e-19       2.74235e-19       4.87973e-20
 154.5000000       3.22605e-19       2.79331e-19       4.32745e-20
 154.6000000       3.34022e-19       2.84426e-19       4.95961e-20
 154.7000000       3.36871e-19       2.89522e-19       4.73490e-20
 154.8000000       3.45133e-19       2.94618e-19       5.05152e-20
 154.9000000       3.61267e-19       2.99713e-19       6.15533e-20
 155.0000000       3.04809e-19       3.04809e-19       0.00000e+00
 156.0000000       3.66973e-19       3.66973e-19       0.00000e+00
 157.0000000       4.42410e-19       4.42410e-19       0.00000e+00
 158.0000000       5.33466e-19       5.33466e-19       0.00000e+00
 159.0000000       6.42789e-19       6.42789e-19       0.00000e+00
 160.0000000       7.73343e-19       7.73343e-19       0.00000e+00
 161.0000000       9.28409e-19       9.28409e-19       0.00000e+00
 162.0000000       1.11159e-18       1.11159e-18       0.00000e+00
 163.0000000       1.32682e-18       1.32682e-18       0.00000e+00
 164.0000000       1.57830e-18       1.57830e-18       0.00000e+00
 165.0000000       1.87053e-18       1.87053e-18       0.00000e+00
 166.0000000       2.20822e-18       2.20822e-18       0.00000e+00
 167.0000000       2.59625e-18       2.59625e-18       0.00000e+00
 168.0000000       3.03963e-18       3.03963e-18       0.00000e+00
 169.0000000       3.54334e-18       3.54334e-18       0.00000e+00
 170.0000000       4.11233e-18       4.11233e-18       0.00000e+00
 171.0000000       4.75129e-18       4.75129e-18       0.00000e+00
 172.0000000       5.46462e-18       5.46462e-18       0.00000e+00
 173.0000000       6.25624e-18       6.25624e-18       0.00000e+00
 174.0000000       7.12942e-18       7.12942e-18       0.00000e+00
 175.0000000       8.08666e-18       8.08666e-18       0.00000e+00
 176.0000000       9.12952e-18       9.12952e-18       0.00000e+00
 177.0000000       1.02584e-17       1.02584e-17       0.00000e+00
 178.0000000       1.14726e-17       1.14726e-17       0.00000e+00
 179.0000000       1.27697e-17       1.27697e-17       0.00000e+00
 180.0000000       1.41462e-17       1.41462e-17       0.00000e+00
 181.0000000       1.55965e-17       1.55965e-17       0.00000e+00
 182.0000000       1.71137e-17       1.71137e-17       0.00000e+00
 183.0000000       1.86890e-17       1.86890e-17       0.00000e+00
 184.0000000       2.03120e-17       2.03120e-17       0.00000e+00
 185.0000000       2.19704e-17       2.19704e-17       0.00000e+00
 186.0000000       2.36508e-17       2.36508e-17       0.00000e+00
 187.0000000       2.53378e-17       2.53378e-17       0.00000e+00
 188.0000000       2.70154e-17       2.70154e-17       0.00000e+00
 189.0000000       2.86661e-17       2.86661e-17       0.00000e+00
 190.0000000       3.02719e-17       3.02719e-17       0.00000e+00
 191.0000000       3.18146e-17       3.18146e-17       0.00000e+00
 192.0000000       3.32757e-17       3.32757e-17       0.00000e+00
 193.0000000       3.46370e-17       3.46370e-17       0.00000e+00
 194.0000000       3.58812e-17       3.58812e-17       0.00000e+00
 195.0000000       3.69919e-17       3.69919e-17       0.00000e+00
 196.0000000       3.79540e-17       3.79540e-17       0.00000e+00
 197.0000000       3.87544e-17       3.87544e-17       0.00000e+00
 198.0000000       3.93818e-17       3.93818e-17       0.00000e+00
 199.0000000       3.98275e-17       3.98275e-17       0.00000e+00
 200.0000000       4.00849e-17       4.00849e-17       0.00000e+00
 201.0000000       4.01505e-17       4.01505e-17       0.00000e+00
 202.0000000       4.00233e-17       4.00233e-17       0.00000e+00
 203.0000000       3.97051e-17       3.97051e-17       0.00000e+00
 204.0000000       3.92004e-17       3.92004e-17       0.00000e+00
 205.0000000       3.85166e-17       3.85166e-17       0.00000e+00
 206.0000000       3.76631e-17       3.76631e-17       0.00000e+00
 207.0000000       3.66519e-17       3.66519e-17       0.00000e+00
 208.0000000       3.54968e-17       3.54968e-17       0.00000e+00
 209.0000000       3.42133e-17       3.42133e-17       0.00000e+00
 210.0000000       3.28181e-17       3.28181e-17       0.00000e+00
 211.0000000       3.13290e-17       3.13290e-17       0.00000e+00
 212.0000000       2.97640e-17       2.97640e-17       0.00000e+00
 213.0000000       2.81418e-17       2.81418e-17       0.00000e+00
 214.0000000       2.64806e-17       2.64806e-17       0.00000e+00
 215.0000000       2.47982e-17       2.47982e-17       0.00000e+00
 216.0000000       2.31116e-17       2.31116e-17       0.00000e+00
 217.0000000       2.14367e-17       2.14367e-17       0.00000e+00
 218.0000000       1.97882e-17       1.97882e-17       0.00000e+00
 219.0000000       1.81792e-17       1.81792e-17       0.00000e+00
 220.0000000       1.66214e-17       1.66214e-17       0.00000e+00
 221.0000000       1.51247e-17       1.51247e-17       0.00000e+00
 222.0000000       1.36974e-17       1.36974e-17       0.00000e+00
 223.0000000       1.23458e-17       1.23458e-17       0.00000e+00
 224.0000000       1.10749e-17       1.10749e-17       0.00000e+00
 225.0000000       9.88784e-18       9.88784e-18       0.00000e+00
 226.0000000       8.78644e-18       8.78644e-18       0.00000e+00
 227.0000000       7.77108e-18       7.77108e-18       0.00000e+00
 228.0000000       6.84096e-18       6.84096e-18       0.00000e+00
 229.0000000       5.99419e-18       5.99419e-18       0.00000e+00
 230.0000000       5.22802e-18       5.22802e-18       0.00000e+00
 231.0000000       4.53893e-18       4.53893e-18       0.00000e+00
 232.0000000       3.92286e-18       3.92286e-18       0.00000e+00
 233.0000000       3.37529e-18       3.37529e-18       0.00000e+00
 234.0000000       2.89142e-18       2.89142e-18       0.00000e+00
 235.0000000       2.46630e-18       2.46630e-18       0.00000e+00
 236.0000000       2.09492e-18       2.09492e-18       0.00000e+00
 237.0000000       1.77230e-18       1.77230e-18       0.00000e+00
 238.0000000       1.49361e-18       1.49361e-18       0.00000e+00
 239.0000000       1.25421e-18       1.25421e-18       0.00000e+00
 240.0000000       1.04968e-18       1.04968e-18       0.00000e+00
 241.0000000       8.75908e-19       8.75908e-19       0.00000e+00
 242.0000000       7.29062e-19       7.29062e-19       0.00000e+00
 243.0000000       6.05644e-19       6.05644e-19       0.00000e+00
 244.0000000       5.02473e-19       5.02473e-19       0.00000e+00
 245.0000000       4.16689e-19       4.16689e-19       0.00000e+00
 246.0000000       3.45741e-19       3.45741e-19       0.00000e+00
 247.0000000       2.87375e-19       2.87375e-19       0.00000e+00
 248.0000000       2.39612e-19       2.39612e-19       0.00000e+00
 249.0000000       2.00733e-19       2.00733e-19       0.00000e+00
 250.0000000       1.69250e-19       1.69250e-19       0.00000e+00
 251.0000000       1.43889e-19       1.43889e-19       0.00000e+00
 252.0000000       1.23567e-19       1.23567e-19       0.00000e+00
 253.0000000       1.07367e-19       1.07367e-19       0.00000e+00
 254.0000000       9.45190e-20       9.45190e-20       0.00000e+00
 255.0000000       8.43827e-20       8.43827e-20       0.00000e+00
 256.0000000       7.64267e-20       7.64267e-20       0.00000e+00
 257.0000000       7.02142e-20       7.02142e-20       0.00000e+00
 258.0000000       6.53878e-20       6.53878e-20       0.00000e+00
 259.0000000       6.16576e-20       6.16576e-20       0.00000e+00
 260.0000000       5.87892e-20       5.87892e-20       0.00000e+00
 261.0000000       5.65947e-20       5.65947e-20       0.00000e+00
 262.0000000       5.49244e-20       5.49244e-20       0.00000e+00
 263.0000000       5.36595e-20       5.36595e-20       0.00000e+00
 264.0000000       5.27064e-20       5.27064e-20       0.00000e+00
 265.0000000       5.19919e-20       5.19919e-20       0.00000e+00
 266.0000000       5.14591e-20       5.14591e-20       0.00000e+00
 267.0000000       5.10636e-20       5.10636e-20       0.00000e+00
 268.0000000       5.07716e-20       5.07716e-20       0.00000e+00
 269.0000000       5.05571e-20       5.05571e-20       0.00000e+00
 270.0000000       5.04003e-20       5.04003e-20       0.00000e+00
 271.0000000       5.02862e-20       5.02862e-20       0.00000e+00
 272.0000000       5.02037e-20       5.02037e-20       0.00000e+00
 273.0000000       5.00000e-20       5.00000e-20       0.00000e+00
 274.0000000       5.00000e-20       5.00000e-20       0.00000e+00
 275.0000000       5.00000e-20       5.00000e-20       0.00000e+00
 276.0000000       5.00000e-20       5.00000e-20       0.00000e+00
 277.0000000       5.00000e-20       5.00000e-20       0.00000e+00
 278.0000000       5.00000e-20       5.00000e-20       0.00000e+00
 279.0000000       5.00000e-20       5.00000e-20       0.00000e+00
 280.0000000       5.00000e-20       5.00000e-20       0.00000e+00
 281.0000000       5.00000e-20       5.00000e-20       0.00000e+00
 282.0000000       5.00000e-20       5.00000e-20       0.00000e+00
 283.0000000       5.00000e-20       5.00000e-20       0.00000e+00
 284.0000000       5.00000e-20       5.00000e-20       0.00000e+00
 285.0000000       5.00000e-20       5.00000e-20       0.00000e+00
 286.0000000       5.00000e-20       5.00000e-20       0.00000e+00
 287.0000000       5.00000e-20       5.00000e-20       0.00000e+00
 288.0000000       5.00000e-20       5.00000e-20       0.00000e+00
 289.0000000       5.00000e-20       5.00000e-20       0.00000e+00
 290.0000000       5.00000e-20       5.00000e-20       0.00000e+00
 291.0000000       5.00000e-20       5.00000e-20       0.00000e+00
 292.0000000       5.00000e-20       5.00000e-20       0.00000e+00
 293.0000000       5.00000e-20       5.00000e-20       0.00000e+00
 294.0000000       5.00000e-20       5.00000e-20       0.00000e+00
 295.0000000       5.00000e-20       5.00000e-20       0.00000e+00
 296.0000000       5.00000e-20       5.00000e-20       0.00000e+00
 297.0000000       5.00000e-20       5.00000e-20       0.00000e+00
 298.0000000       5.00000e-20       5.00000e-20       0.00000e+00
 299.0000000       5.00000e-20       5.00000e-20       0.00000e+00
 300.0000000       5.00000e-20       5.00000e-20       0.00000e+00
 301.0000000       5.00000e-20       5.00000e-20       0.00000e+00
 302.0000000       5.00000e-20       5.00000e-20       0.00000e+00
 303.0000000       5.00000e-20       5.00000e-20       0.00000e+00
 304.0000000       5.00000e-20       5.00000e-20       0.00000e+00
 305.0000000       5.00000e-20       5.00000e-20       0.00000e+00
 306.0000000       5.00000e-20       5.00000e-20       0.00000e+00
 307.0000000       5.00000e-20       5.00000e-20       0.00000e+00
 308.0000000       5.00000e-20       5.00000e-20       0.00000e+00
 309.0000000       5.00000e-20       5.00000e-20       0.00000e+00
 310.0000000       5.00000e-20       5.00000e-20       0.00000e+00
 311.0000000       5.00000e-20       5.00000e-20       0.00000e+00
 312.0000000       5.00000e-20       5.00000e-20       0.00000e+00
 313.0000000       5.00000e-20       5.00000e-20       0.00000e+00
 314.0000000       5.00000e-20       5.00000e-20       0.00000e+00
 315.0000000       5.00000e-20       5.00000e-20       0.00000e+00
 316.0000000       5.00000e-20       5.00000e-20       0.00000e+00
 317.0000000       5.00000e-20       5.00000e-20       0.00000e+00
 318.0000000       5.00000e-20       5.00000e-20       0.00000e+00
 319.0000000       5.00000e-20       5.00000e-20       0.00000e+00
 320.0000000       5.00000e-20       5.00000e-20       0.00000e+00
 321.0000000       5.00000e-20       5.00000e-20       0.00000e+00
 322.0000000       5.00000e-20       5.00000e-20       0.00000e+00
 323.0000000       5.00000e-20       5.00000e-20       0.00000e+00
 324.0000000       5.00000e-20       5.00000e-20       0.00000e+00
 325.0000000       5.00000e-20       5.00000e-20       0.00000e+00
 326.0000000       5.00000e-20       5.00000e-20       0.00000e+00
 327.0000000       5.00000e-20       5.00000e-20       0.00000e+00
 328.0000000       5.00000e-20       5.00000e-20       0.00000e+00
 329.0000000       5.00000e-20       5.00000e-20       0.00000e+00
 330.0000000       5.00000e-20       5.00000e-20       0.00000e+00
 331.0000000       5.00000e-20       5.00000e-20       0.00000e+00
 332.0000000       5.00000e-20       5.00000e-20       0.00000e+00
 333.0000000       5.00000e-20       5.00000e-20       0.00000e+00
 334.0000000       5.00000e-20       5.00000e-20       0.00000e+00
 335.0000000       5.00000e-20       5.00000e-20       0.00000e+00
 336.0000000       5.00000e-20       5.00000e-20       0.00000e+00
 337.0000000       5.00000e-20       5.00000e-20       0.00000e+00
 338.0000000       5.00000e-20       5.00000e-20       0.00000e+00
 339.0000000       5.00000e-20       5.00000e-20       0.00000e+00
 340.0000000       5.00000e-20       5.00000e-20       0.00000e+00
 341.0000000       5.00000e-20       5.00000e-20       0.00000e+00
 342.0000000       5.00000e-20       5.00000e-20       0.00000e+00
 343.0000000       5.00000e-20       5.00000e-20       0.00000e+00
 344.0000000       5.00000e-20       5.00000e-20       0.00000e+00
 345.0000000       5.00000e-20       5.00000e-20       0.00000e+00
 346.0000000       5.00000e-20       5.00000e-20       0.00000e+00
 347.0000000       5.00000e-20       5.00000e-20       0.00000e+00
 348.0000000       5.00000e-20       5.00000e-20       0.00000e+00
 349.0000000       5.00000e-20       5.00000e-20       0.00000e+00
 350.0000000       5.00000e-20       5.00000e-20       0.00000e+00
 351.0000000       5.00000e-20       5.00000e-20       0.00000e+00
 352.0000000       5.00000e-20       5.00000e-20       0.00000e+00
 353.0000000       5.00000e-20       5.00000e-20       0.00000e+00
 354.0000000       5.00000e-20       5.00000e-20       0.00000e+00
 355.0000000       5.00000e-20       5.00000e-20       0.00000e+00
 356.0000000       5.00000e-20       5.00000e-20       0.00000e+00
 357.0000000       5.00000e-20       5.00000e-20       0.00000e+00
 358.0000000       5.88915e-19       5.88915e-19       0.00000e+00
 359.0000000       1.12783e-18       1.12783e-18       0.00000e+00
 360.0000000       1.64838e-18       1.64838e-18       0.00000e+00
 361.0000000       2.06222e-18       2.06222e-18       0.00000e+00
 362.0000000       2.52172e-18       2.52172e-18       0.00000e+00
 363.0000000       3.01256e-18       3.01256e-18       0.00000e+00
 364.0000000       3.51469e-18       3.51469e-18       0.00000e+00
 365.0000000       4.00351e-18       4.00351e-18       0.00000e+00
 366.0000000       4.45186e-18       4.45186e-18       0.00000e+00
 367.0000000       4.83205e-18       4.83205e-18       0.00000e+00
 368.0000000       5.11917e-18       5.11917e-18       0.00000e+00
 369.0000000       5.29314e-18       5.29314e-18       0.00000e+00
 370.0000000       5.34197e-18       5.34197e-18       0.00000e+00
 371.0000000       5.26214e-18       5.26214e-18       0.00000e+00
 372.0000000       5.06083e-18       5.06083e-18       0.00000e+00
 373.0000000       4.75398e-18       4.75398e-18       0.00000e+00
 374.0000000       4.36754e-18       4.36754e-18       0.00000e+00
 375.0000000       3.93439e-18       3.93439e-18       0.00000e+00
 376.0000000       3.49393e-18       3.49393e-18       0.00000e+00
 377.0000000       3.09067e-18       3.09067e-18       0.00000e+00
 378.0000000       2.77229e-18       2.77229e-18       0.00000e+00
 379.0000000       2.58682e-18       2.58682e-18       0.00000e+00
 380.0000000       2.58066e-18       2.58066e-18       0.00000e+00
 381.0000000       2.84153e-18       2.84153e-18       0.00000e+00
 382.0000000       3.76103e-18       3.76103e-18       0.00000e+00
 383.0000000       6.08379e-18       6.08379e-18       0.00000e+00
 384.0000000       8.89847e-18       8.89847e-18       0.00000e+00
 385.0000000       9.27159e-18       9.27159e-18       0.00000e+00
 386.0000000       7.60459e-18       7.60459e-18       0.00000e+00
 387.0000000       6.55079e-18       6.55079e-18       0.00000e+00
 388.0000000       6.28525e-18       6.28525e-18       0.00000e+00
 389.0000000       6.01232e-18       6.01232e-18       0.00000e+00
 390.0000000       5.48263e-18       5.48263e-18       0.00000e+00
 391.0000000       4.74283e-18       4.74283e-18       0.00000e+00
 392.0000000       3.90426e-18       3.90426e-18       0.00000e+00
 393.0000000       3.08940e-18       3.08940e-18       0.00000e+00
 394.0000000       2.40893e-18       2.40893e-18       0.00000e+00
 395.0000000       1.95001e-18       1.95001e-18       0.00000e+00
 396.0000000       1.77317e-18       1.77317e-18       0.00000e+00
 397.0000000       1.90882e-18       1.90882e-18       0.00000e+00
 398.0000000       2.35598e-18       2.35598e-18       0.00000e+00
 399.0000000       3.07373e-18       3.07373e-18       0.00000e+00
 400.0000000       3.97615e-18       3.97615e-18       0.00000e+00
 401.0000000       4.93280e-18       4.93280e-18       0.00000e+00
 402.0000000       5.78421e-18       5.78421e-18       0.00000e+00
 403.0000000       6.37437e-18       6.37437e-18       0.00000e+00
 404.0000000       6.60511e-18       6.60511e-18       0.00000e+00
 405.0000000       6.62233e-18       6.62233e-18       0.00000e+00
 406.0000000       7.11051e-18       7.11051e-18       0.00000e+00
 407.0000000       7.98378e-18       7.98378e-18       0.00000e+00
 408.0000000       6.96460e-18       6.96460e-18       0.00000e+00
 409.0000000       4.22537e-18       4.22537e-18       0.00000e+00
 410.0000000       2.34709e-18       2.34709e-18       0.00000e+00
 411.0000000       1.68129e-18       1.68129e-18       0.00000e+00
 412.0000000       1.66294e-18       1.66294e-18       0.00000e+00
 413.0000000       1.75964e-18       1.75964e-18       0.00000e+00
 414.0000000       1.43478e-18       1.43478e-18       0.00000e+00
 415.0000000       7.88188e-19       7.88188e-19       0.00000e+00
 416.0000000       3.04335e-19       3.04335e-19       0.00000e+00
 417.0000000       1.13336e-19       1.13336e-19       0.00000e+00
 418.0000000       8.21709e-20       8.21709e-20       0.00000e+00
 419.0000000       2.24950e-19       2.24950e-19       0.00000e+00
 420.0000000       1.05286e-18       1.05286e-18       0.00000e+00
 421.0000000       3.64354e-18       3.64354e-18       0.00000e+00
 422.0000000       7.96495e-18       7.96495e-18       0.00000e+00
 423.0000000       1.08195e-17       1.08195e-17       0.00000e+00
 424.0000000       9.31094e-18       9.31094e-18       0.00000e+00
 425.0000000       5.72104e-18       5.72104e-18       0.00000e+00
 426.0000000       3.85280e-18       3.85280e-18       0.00000e+00
 427.0000000       3.93685e-18       3.93685e-18       0.00000e+00
 428.0000000       4.09091e-18       4.09091e-18       0.00000e+00
 429.0000000       3.30661e-18       3.30661e-18       0.00000e+00
 430.0000000       1.98433e-18       1.98433e-18       0.00000e+00
 431.0000000       8.92188e-19       8.92188e-19       0.00000e+00
 432.0000000       3.18994e-19       3.18994e-19       0.00000e+00
 433.0000000       1.12856e-19       1.12856e-19       0.00000e+00
 434.0000000       6.08100e-20       6.08100e-20       0.00000e+00
 435.0000000       5.13859e-20       5.13859e-20       0.00000e+00
 436.0000000       5.01657e-20       5.01657e-20       0.00000e+00
 437.0000000       5.00507e-20       5.00507e-20       0.00000e+00
 438.0000000       5.00430e-20       5.00430e-20       0.00000e+00
 439.0000000       5.00537e-20       5.00537e-20       0.00000e+00
 440.0000000       5.04491e-20       5.04491e-20       0.00000e+00
 441.0000000       5.83577e-20       5.83577e-20       0.00000e+00
 442.0000000       1.47814e-19       1.47814e-19       0.00000e+00
 443.0000000       7.09113e-19       7.09113e-19       0.00000e+00
 444.0000000       2.60628e-18       2.60628e-18       0.00000e+00
 445.0000000       5.75620e-18       5.75620e-18       0.00000e+00
 446.0000000       7.37983e-18       7.37983e-18       0.00000e+00
 447.0000000       5.47649e-18       5.47649e-18       0.00000e+00
 448.0000000       2.46924e-18       2.46924e-18       0.00000e+00
 449.0000000       1.10613e-18       1.10613e-18       0.00000e+00
 450.0000000       1.29155e-18       1.29155e-18       0.00000e+00
 451.0000000       1.72751e-18       1.72751e-18       0.00000e+00
 452.0000000       1.52724e-18       1.52724e-18       0.00000e+00
 453.0000000       8.52552e-19       8.52552e-19       0.00000e+00
 454.0000000       3.17879e-19       3.17879e-19       0.00000e+00
 455.0000000       1.04997e-19       1.04997e-19       0.00000e+00
 456.0000000       5.69055e-20       5.69055e-20       0.00000e+00
 457.0000000       5.05745e-20       5.05745e-20       0.00000e+00
 458.0000000       5.00678e-20       5.00678e-20       0.00000e+00
 459.0000000       5.00432e-20       5.00432e-20       0.00000e+00
 460.0000000       5.00425e-20       5.00425e-20       0.00000e+00
 461.0000000       5.00425e-20       5.00425e-20       0.00000e+00
 462.0000000       5.00425e-20       5.00425e-20       0.00000e+00
 463.0000000       5.00440e-20       5.00440e-20       0.00000e+00
 464.0000000       5.00802e-20       5.00802e-20       0.00000e+00
 465.0000000       5.06825e-20       5.06825e-20       0.00000e+00
 466.0000000       5.73168e-20       5.73168e-20       0.00000e+00
 467.0000000       1.05738e-19       1.05738e-19       0.00000e+00
 468.0000000       3.33920e-19       3.33920e-19       0.00000e+00
 469.0000000       1.01368e-18       1.01368e-18       0.00000e+00
 470.0000000       2.23516e-18       2.23516e-18       0.00000e+00
 471.0000000       3.36072e-18       3.36072e-18       0.00000e+00
 472.0000000       3.40171e-18       3.40171e-18       0.00000e+00
 473.0000000       2.31820e-18       2.31820e-18       0.00000e+00
 474.0000000       1.07498e-18       1.07498e-18       0.00000e+00
 475.0000000       3.58439e-19       3.58439e-19       0.00000e+00
 476.0000000       1.12303e-19       1.12303e-19       0.00000e+00
 477.0000000       5.84293e-20       5.84293e-20       0.00000e+00
 478.0000000       5.08036e-20       5.08036e-20       0.00000e+00
 479.0000000       5.00883e-20       5.00883e-20       0.00000e+00
 480.0000000       5.00443e-20       5.00443e-20       0.00000e+00
 481.0000000       5.00425e-20       5.00425e-20       0.00000e+00
 482.0000000       5.00425e-20       5.00425e-20       0.00000e+00
 483.0000000       5.00425e-20       5.00425e-20       0.00000e+00
 484.0000000       5.00425e-20       5.00425e-20       0.00000e+00
 485.0000000       5.00425e-20       5.00425e-20       0.00000e+00
 486.0000000       5.00425e-20       5.00425e-20       0.00000e+00
 487.0000000       5.00425e-20       5.00425e-20       0.00000e+00
 488.0000000       5.00425e-20       5.00425e-20       0.00000e+00
 489.0000000       5.00425e-20       5.00425e-20       0.00000e+00
 490.0000000       5.00425e-20       5.00425e-20       0.00000e+00
 491.0000000       5.00425e-20       5.00425e-20       0.00000e+00
 492.0000000       5.00425e-20       5.00425e-20       0.00000e+00
 493.0000000       5.00425e-20       5.00425e-20       0.00000e+00
 494.0000000       5.00425e-20       5.00425e-20       0.00000e+00
 495.0000000       5.00425e-20       5.00425e-20       0.00000e+00
 496.0000000       5.00425e-20       5.00425e-20       0.00000e+00
 497.0000000       5.00425e-20       5.00425e-20       0.00000e+00
 498.0000000       5.00425e-20       5.00425e-20       0.00000e+00
 499.0000000       5.00425e-20       5.00425e-20       0.00000e+00
 500.0000000       5.00425e-20       5.00425e-20       0.00000e+00
 501.0000000       5.00425e-20       5.00425e-20       0.00000e+00
 502.0000000       5.00425e-20       5.00425e-20       0.00000e+00
 503.0000000       5.00425e-20       5.00425e-20       0.00000e+00
 504.0000000       5.00425e-20       5.00425e-20       0.00000e+00
 505.0000000       5.00425e-20       5.00425e-20       0.00000e+00
