#pseudo-Leiden file converted from a specific SWRI (PhIDRates) branch column
#reaction: C2H4 -> C2H2 + H + H (SWRI col 'C2H2/2H', native matcher can't expand '2H' shorthand into two H entries)
#source: C2H4.txt, column 5 (0-indexed incl. Lambda), verified by hand against the raw header
#this branch's own cross section used for both photoabsorption and photodissociation
#wavelength(nm) photoabsorption(cm2) photodissociation(cm2) photoionization(cm2)
0.100000 6.620000e-27 6.620000e-27 0.000000e+00
1.000000 7.610000e-23 7.610000e-23 0.000000e+00
4.100000 8.820000e-22 8.820000e-22 0.000000e+00
4.300000 6.190000e-22 6.190000e-22 0.000000e+00
5.000000 1.160000e-21 1.160000e-21 0.000000e+00
10.000000 1.130000e-20 1.130000e-20 0.000000e+00
18.000000 1.340000e-19 1.340000e-19 0.000000e+00
20.000000 1.650000e-19 1.650000e-19 0.000000e+00
25.000000 3.100000e-19 3.100000e-19 0.000000e+00
30.000000 5.960000e-19 5.960000e-19 0.000000e+00
35.000000 1.010000e-18 1.010000e-18 0.000000e+00
40.000000 1.620000e-18 1.620000e-18 0.000000e+00
45.000000 2.380000e-18 2.380000e-18 0.000000e+00
50.000000 3.140000e-18 3.140000e-18 0.000000e+00
55.000000 3.750000e-18 3.750000e-18 0.000000e+00
56.400000 3.590000e-18 3.590000e-18 0.000000e+00
62.000000 3.540000e-18 3.540000e-18 0.000000e+00
68.900000 2.910000e-18 2.910000e-18 0.000000e+00
70.600000 2.620000e-18 2.620000e-18 0.000000e+00
77.500000 4.910000e-18 4.910000e-18 0.000000e+00
83.800000 1.040000e-17 1.040000e-17 0.000000e+00
88.200000 8.310000e-18 8.310000e-18 0.000000e+00
88.600000 8.540000e-18 8.540000e-18 0.000000e+00
89.800000 9.050000e-18 9.050000e-18 0.000000e+00
91.800000 1.010000e-17 1.010000e-17 0.000000e+00
94.500000 1.190000e-17 1.190000e-17 0.000000e+00
96.400000 1.310000e-17 1.310000e-17 0.000000e+00
101.600000 3.140000e-17 3.140000e-17 0.000000e+00
103.300000 3.190000e-17 3.190000e-17 0.000000e+00
106.500000 1.260000e-17 1.260000e-17 0.000000e+00
106.600000 1.270000e-17 1.270000e-17 0.000000e+00
108.500000 1.030000e-17 1.030000e-17 0.000000e+00
109.600000 9.150000e-18 9.150000e-18 0.000000e+00
110.500000 1.020000e-17 1.020000e-17 0.000000e+00
111.500000 1.020000e-17 1.020000e-17 0.000000e+00
112.300000 9.720000e-18 9.720000e-18 0.000000e+00
112.700000 7.450000e-18 7.450000e-18 0.000000e+00
114.900000 8.490000e-18 8.490000e-18 0.000000e+00
115.000000 9.090000e-18 9.090000e-18 0.000000e+00
117.800000 1.160000e-17 1.160000e-17 0.000000e+00
118.000000 9.160000e-18 9.160000e-18 0.000000e+00
118.600000 1.020000e-17 1.020000e-17 0.000000e+00
119.100000 9.600000e-18 9.600000e-18 0.000000e+00
120.100000 1.080000e-17 1.080000e-17 0.000000e+00
120.300000 1.000000e-17 1.000000e-17 0.000000e+00
120.800000 1.210000e-17 1.210000e-17 0.000000e+00
121.300000 1.030000e-17 1.030000e-17 0.000000e+00
122.200000 1.380000e-17 1.380000e-17 0.000000e+00
122.400000 1.360000e-17 1.360000e-17 0.000000e+00
122.600000 1.430000e-17 1.430000e-17 0.000000e+00
122.800000 1.490000e-17 1.490000e-17 0.000000e+00
123.100000 1.170000e-17 1.170000e-17 0.000000e+00
124.100000 1.490000e-17 1.490000e-17 0.000000e+00
124.400000 1.330000e-17 1.330000e-17 0.000000e+00
124.800000 1.710000e-17 1.710000e-17 0.000000e+00
125.100000 1.290000e-17 1.290000e-17 0.000000e+00
125.400000 1.240000e-17 1.240000e-17 0.000000e+00
125.600000 1.320000e-17 1.320000e-17 0.000000e+00
126.300000 1.330000e-17 1.330000e-17 0.000000e+00
126.400000 1.370000e-17 1.370000e-17 0.000000e+00
127.100000 1.370000e-17 1.370000e-17 0.000000e+00
127.300000 1.240000e-17 1.240000e-17 0.000000e+00
127.600000 1.440000e-17 1.440000e-17 0.000000e+00
128.000000 1.380000e-17 1.380000e-17 0.000000e+00
128.400000 1.610000e-17 1.610000e-17 0.000000e+00
129.400000 7.840000e-18 7.840000e-18 0.000000e+00
129.800000 6.960000e-18 6.960000e-18 0.000000e+00
130.200000 7.940000e-18 7.940000e-18 0.000000e+00
131.200000 5.880000e-18 5.880000e-18 0.000000e+00
131.700000 7.640000e-18 7.640000e-18 0.000000e+00
132.300000 7.350000e-18 7.350000e-18 0.000000e+00
133.000000 8.130000e-18 8.130000e-18 0.000000e+00
133.500000 1.000000e-17 1.000000e-17 0.000000e+00
133.800000 9.550000e-18 9.550000e-18 0.000000e+00
134.200000 1.080000e-17 1.080000e-17 0.000000e+00
135.200000 5.390000e-18 5.390000e-18 0.000000e+00
135.600000 1.470000e-17 1.470000e-17 0.000000e+00
136.000000 1.400000e-17 1.400000e-17 0.000000e+00
136.400000 1.470000e-17 1.470000e-17 0.000000e+00
136.600000 1.190000e-17 1.190000e-17 0.000000e+00
137.000000 1.250000e-17 1.250000e-17 0.000000e+00
137.600000 3.080000e-18 3.080000e-18 0.000000e+00
138.300000 1.750000e-17 1.750000e-17 0.000000e+00
138.800000 1.140000e-17 1.140000e-17 0.000000e+00
139.000000 1.540000e-17 1.540000e-17 0.000000e+00
139.500000 3.140000e-18 3.140000e-18 0.000000e+00
140.100000 3.100000e-18 3.100000e-18 0.000000e+00
140.200000 2.480000e-18 2.480000e-18 0.000000e+00
140.800000 2.320000e-18 2.320000e-18 0.000000e+00
141.400000 4.360000e-18 4.360000e-18 0.000000e+00
142.100000 3.060000e-18 3.060000e-18 0.000000e+00
142.800000 4.900000e-18 4.900000e-18 0.000000e+00
143.300000 4.030000e-18 4.030000e-18 0.000000e+00
144.200000 5.780000e-18 5.780000e-18 0.000000e+00
144.500000 4.850000e-18 4.850000e-18 0.000000e+00
145.200000 6.030000e-18 6.030000e-18 0.000000e+00
146.000000 6.170000e-18 6.170000e-18 0.000000e+00
147.300000 7.350000e-18 7.350000e-18 0.000000e+00
147.600000 7.200000e-18 7.200000e-18 0.000000e+00
148.700000 8.770000e-18 8.770000e-18 0.000000e+00
149.500000 8.530000e-18 8.530000e-18 0.000000e+00
150.000000 9.310000e-18 9.310000e-18 0.000000e+00
150.900000 8.870000e-18 8.870000e-18 0.000000e+00
152.100000 1.040000e-17 1.040000e-17 0.000000e+00
152.600000 9.850000e-18 9.850000e-18 0.000000e+00
153.300000 1.080000e-17 1.080000e-17 0.000000e+00
153.600000 1.050000e-17 1.050000e-17 0.000000e+00
155.400000 1.220000e-17 1.220000e-17 0.000000e+00
155.900000 1.110000e-17 1.110000e-17 0.000000e+00
156.700000 1.310000e-17 1.310000e-17 0.000000e+00
157.500000 1.110000e-17 1.110000e-17 0.000000e+00
158.600000 1.440000e-17 1.440000e-17 0.000000e+00
159.200000 1.310000e-17 1.310000e-17 0.000000e+00
160.000000 1.580000e-17 1.580000e-17 0.000000e+00
160.900000 1.320000e-17 1.320000e-17 0.000000e+00
161.800000 1.880000e-17 1.880000e-17 0.000000e+00
162.600000 1.490000e-17 1.490000e-17 0.000000e+00
163.400000 1.910000e-17 1.910000e-17 0.000000e+00
164.400000 1.350000e-17 1.350000e-17 0.000000e+00
165.300000 2.240000e-17 2.240000e-17 0.000000e+00
166.000000 1.440000e-17 1.440000e-17 0.000000e+00
166.600000 2.190000e-17 2.190000e-17 0.000000e+00
167.600000 1.110000e-17 1.110000e-17 0.000000e+00
168.300000 9.850000e-18 9.850000e-18 0.000000e+00
169.100000 2.450000e-17 2.450000e-17 0.000000e+00
169.800000 1.260000e-17 1.260000e-17 0.000000e+00
170.400000 2.770000e-17 2.770000e-17 0.000000e+00
171.100000 9.700000e-18 9.700000e-18 0.000000e+00
172.200000 5.290000e-18 5.290000e-18 0.000000e+00
173.200000 1.980000e-17 1.980000e-17 0.000000e+00
173.800000 7.740000e-18 7.740000e-18 0.000000e+00
174.400000 2.540000e-17 2.540000e-17 0.000000e+00
175.200000 4.270000e-18 4.270000e-18 0.000000e+00
177.000000 1.340000e-18 1.340000e-18 0.000000e+00
177.900000 1.680000e-18 1.680000e-18 0.000000e+00
179.300000 7.690000e-19 7.690000e-19 0.000000e+00
180.200000 7.990000e-19 7.990000e-19 0.000000e+00
181.800000 3.120000e-19 3.120000e-19 0.000000e+00
182.700000 4.380000e-19 4.380000e-19 0.000000e+00
184.700000 1.190000e-19 1.190000e-19 0.000000e+00
185.500000 2.040000e-19 2.040000e-19 0.000000e+00
187.300000 6.030000e-20 6.030000e-20 0.000000e+00
188.100000 7.300000e-20 7.300000e-20 0.000000e+00
189.600000 1.920000e-20 1.920000e-20 0.000000e+00
190.700000 2.590000e-20 2.590000e-20 0.000000e+00
192.900000 6.370000e-21 6.370000e-21 0.000000e+00
193.900000 1.170000e-20 1.170000e-20 0.000000e+00
195.800000 2.740000e-20 2.740000e-20 0.000000e+00
196.000000 0.000000e+00 0.000000e+00 0.000000e+00
197.300000 0.000000e+00 0.000000e+00 0.000000e+00
720.000000 0.000000e+00 0.000000e+00 0.000000e+00
