# [b'C2H5 cross sections\nHelgi Rafn Hr\xc3\xb3\xc3\xb0marsson 2022-11-17\nReferences: Photodissociation - Munk+ (1986), Marggi-Poullain+ (2019) \rPhotoionization - Gans+ (2011)\nphotoabsorption   -- Photoabsorption cross section (cm2)\nphotodissociation -- Photodissociation cross section (cm2)\nphotoionisation   -- Photoionisation cross section (cm2)']
# 
# wavelength   photoabsorption photodissociation   photoionisation
  91.2000000       5.94748e-18       5.00000e-20       5.89748e-18
  92.0000000       5.93496e-18       5.00000e-20       5.88496e-18
  93.0000000       5.91932e-18       5.00000e-20       5.86932e-18
  94.0000000       5.90367e-18       5.00000e-20       5.85367e-18
  95.0000000       5.88803e-18       5.00000e-20       5.83803e-18
  96.0000000       5.87238e-18       5.00000e-20       5.82238e-18
  97.0000000       5.85674e-18       5.00000e-20       5.80674e-18
  98.0000000       5.84109e-18       5.00000e-20       5.79109e-18
  99.0000000       5.82545e-18       5.00000e-20       5.77545e-18
 100.0000000       5.80980e-18       5.00000e-20       5.75980e-18
 101.0000000       5.79416e-18       5.00000e-20       5.74416e-18
 102.0000000       5.77851e-18       5.00000e-20       5.72851e-18
 103.0000000       5.76287e-18       5.00000e-20       5.71287e-18
 104.0000000       5.74722e-18       5.00000e-20       5.69722e-18
 105.0000000       5.73158e-18       5.00000e-20       5.68158e-18
 106.0000000       5.71593e-18       5.00000e-20       5.66593e-18
 107.0000000       5.70029e-18       5.00000e-20       5.65029e-18
 107.8093523       5.42031e-18       5.00000e-20       5.37031e-18
 107.9600282       5.30901e-18       5.00000e-20       5.25901e-18
 108.1108658       5.18555e-18       5.00000e-20       5.13555e-18
 108.2621884       5.65734e-18       5.00000e-20       5.60734e-18
 108.4132953       5.62131e-18       5.00000e-20       5.57131e-18
 108.5646716       5.64748e-18       5.00000e-20       5.59748e-18
 108.7173416       5.65967e-18       5.00000e-20       5.60967e-18
 108.8707663       5.82873e-18       5.00000e-20       5.77873e-18
 109.0233821       5.37254e-18       5.00000e-20       5.32254e-18
 109.1773456       5.33089e-18       5.00000e-20       5.28089e-18
 109.3312011       5.81571e-18       5.00000e-20       5.76571e-18
 109.4853261       5.63997e-18       5.00000e-20       5.58997e-18
 109.6403135       5.86491e-18       5.00000e-20       5.81491e-18
 109.7953547       5.80335e-18       5.00000e-20       5.75335e-18
 109.9517434       5.98791e-18       5.00000e-20       5.93791e-18
 110.1067305       6.12251e-18       5.00000e-20       6.07251e-18
 110.2640893       5.98472e-18       5.00000e-20       5.93472e-18
 110.4208551       5.68929e-18       5.00000e-20       5.63929e-18
 110.5795614       5.42162e-18       5.00000e-20       5.37162e-18
 110.7367582       5.82037e-18       5.00000e-20       5.77037e-18
 110.8949791       5.55792e-18       5.00000e-20       5.50792e-18
 111.2144394       5.60681e-18       5.00000e-20       5.55681e-18
 111.3737920       5.71058e-18       5.00000e-20       5.66058e-18
 111.5335757       6.07795e-18       5.00000e-20       6.02795e-18
 111.6946531       5.57715e-18       5.00000e-20       5.52715e-18
 111.8553530       5.45085e-18       5.00000e-20       5.40085e-18
 112.0180474       5.84598e-18       5.00000e-20       5.79598e-18
 112.1795557       5.77740e-18       5.00000e-20       5.72740e-18
 112.3425732       5.88566e-18       5.00000e-20       5.83566e-18
 112.5055906       5.58583e-18       5.00000e-20       5.53583e-18
 112.6695244       5.68427e-18       5.00000e-20       5.63427e-18
 112.8332423       5.68829e-18       5.00000e-20       5.63829e-18
 112.9975531       5.39514e-18       5.00000e-20       5.34514e-18
 113.1627263       6.12358e-18       5.00000e-20       6.07358e-18
 113.3284923       5.54666e-18       5.00000e-20       5.49666e-18
 113.4949051       5.87936e-18       5.00000e-20       5.82936e-18
 113.6603474       5.80675e-18       5.00000e-20       5.75675e-18
 113.8282693       5.88098e-18       5.00000e-20       5.83098e-18
 113.9952207       5.46235e-18       5.00000e-20       5.41235e-18
 114.1629267       5.72003e-18       5.00000e-20       5.67003e-18
 114.3318185       5.51249e-18       5.00000e-20       5.46249e-18
 114.5005484       5.62159e-18       5.00000e-20       5.57159e-18
 114.6696555       5.48282e-18       5.00000e-20       5.43282e-18
 114.8398407       5.09313e-18       5.00000e-20       5.04313e-18
 115.0101874       5.20385e-18       5.00000e-20       5.15385e-18
 115.1812347       5.46334e-18       5.00000e-20       5.41334e-18
 115.3533061       5.59887e-18       5.00000e-20       5.54887e-18
 115.5253774       5.31392e-18       5.00000e-20       5.26392e-18
 115.6972329       5.13259e-18       5.00000e-20       5.08259e-18
 115.8706515       5.69267e-18       5.00000e-20       5.64267e-18
 116.0440161       5.48555e-18       5.00000e-20       5.43555e-18
 116.2175423       5.36993e-18       5.00000e-20       5.31993e-18
 116.3924159       5.31092e-18       5.00000e-20       5.26092e-18
 116.5672894       5.46996e-18       5.00000e-20       5.41996e-18
 116.7428635       5.48710e-18       5.00000e-20       5.43710e-18
 116.9188687       5.42802e-18       5.00000e-20       5.37802e-18
 117.0961675       5.60940e-18       5.00000e-20       5.55940e-18
 117.2728732       5.54094e-18       5.00000e-20       5.49094e-18
 117.4508186       5.30154e-18       5.00000e-20       5.25154e-18
 117.6294646       5.65000e-18       5.00000e-20       5.60000e-18
 117.8084338       5.70040e-18       5.00000e-20       5.65040e-18
 117.9872951       5.62448e-18       5.00000e-20       5.57448e-18
 118.1674499       5.52469e-18       5.00000e-20       5.47469e-18
 118.3474968       5.62382e-18       5.00000e-20       5.57382e-18
 118.5298075       5.46495e-18       5.00000e-20       5.41495e-18
 118.7107165       5.28833e-18       5.00000e-20       5.23833e-18
 118.8924879       5.67710e-18       5.00000e-20       5.62710e-18
 119.0753911       5.66228e-18       5.00000e-20       5.61228e-18
 119.2590488       5.55653e-18       5.00000e-20       5.50653e-18
 119.4422211       5.67116e-18       5.00000e-20       5.62116e-18
 119.6266871       5.49004e-18       5.00000e-20       5.44004e-18
 119.8117997       5.42280e-18       5.00000e-20       5.37280e-18
 119.9971817       5.27883e-18       5.00000e-20       5.22883e-18
 120.1837494       5.71524e-18       5.00000e-20       5.66524e-18
 120.3698856       5.29528e-18       5.00000e-20       5.24528e-18
 120.5573694       5.31595e-18       5.00000e-20       5.26595e-18
 120.7454459       5.40947e-18       5.00000e-20       5.35947e-18
 120.9335222       5.59831e-18       5.00000e-20       5.54831e-18
 121.1227303       5.55823e-18       5.00000e-20       5.50823e-18
 121.3122078       5.53981e-18       5.00000e-20       5.48981e-18
 121.5020085       5.67118e-18       5.00000e-20       5.62118e-18
 121.6934262       5.38902e-18       5.00000e-20       5.33902e-18
 121.8853828       5.30683e-18       5.00000e-20       5.25683e-18
 122.0770696       5.05332e-18       5.00000e-20       5.00332e-18
 122.2701577       5.20756e-18       5.00000e-20       5.15756e-18
 122.4624910       5.03395e-18       5.00000e-20       4.98395e-18
 122.6570881       5.16486e-18       5.00000e-20       5.11486e-18
 122.8514693       5.14344e-18       5.00000e-20       5.09344e-18
 123.0466051       4.85082e-18       5.00000e-20       4.80082e-18
 123.2414171       4.88149e-18       5.00000e-20       4.83149e-18
 123.4392477       4.74960e-18       5.00000e-20       4.69960e-18
 123.6356226       5.12344e-18       5.00000e-20       5.07344e-18
 123.8328598       4.94870e-18       5.00000e-20       4.89870e-18
 124.0528984       5.16836e-18       5.00000e-20       5.11836e-18
 124.1514359       5.08366e-18       5.00000e-20       5.03366e-18
 124.2515905       5.06192e-18       5.00000e-20       5.01192e-18
 124.3510443       5.07141e-18       5.00000e-20       5.02141e-18
 124.4509293       5.15038e-18       5.00000e-20       5.10038e-18
 124.5503830       4.72429e-18       5.00000e-20       4.67429e-18
 124.6513460       5.03773e-18       5.00000e-20       4.98773e-18
 124.7518777       4.98174e-18       5.00000e-20       4.93174e-18
 124.8516007       4.91913e-18       5.00000e-20       4.86913e-18
 124.9534260       4.90502e-18       5.00000e-20       4.85502e-18
 125.0544965       4.87090e-18       5.00000e-20       4.82090e-18
 125.1551897       4.79832e-18       5.00000e-20       4.74832e-18
 125.2564218       4.94976e-18       5.00000e-20       4.89976e-18
 125.3586242       4.89103e-18       5.00000e-20       4.84103e-18
 125.4596406       4.91406e-18       5.00000e-20       4.86406e-18
 125.5607109       4.83914e-18       5.00000e-20       4.78914e-18
 125.6634521       4.79023e-18       5.00000e-20       4.74023e-18
 125.7653848       4.83082e-18       5.00000e-20       4.78082e-18
 125.8679642       4.92002e-18       5.00000e-20       4.87002e-18
 125.9702740       4.97611e-18       5.00000e-20       4.92611e-18
 126.0720447       4.85579e-18       5.00000e-20       4.80579e-18
 126.1760255       4.90591e-18       5.00000e-20       4.85591e-18
 126.2786586       4.91389e-18       5.00000e-20       4.86389e-18
 126.3819384       4.89050e-18       5.00000e-20       4.84050e-18
 126.4849487       4.92974e-18       5.00000e-20       4.87974e-18
 126.5881207       4.77207e-18       5.00000e-20       4.72207e-18
 126.6922629       4.79669e-18       5.00000e-20       4.74669e-18
 126.7954347       4.90654e-18       5.00000e-20       4.85654e-18
 126.9000619       4.77046e-18       5.00000e-20       4.72046e-18
 127.0032875       4.86297e-18       5.00000e-20       4.81297e-18
 127.1080223       4.66656e-18       5.00000e-20       4.61656e-18
 127.2122181       4.65934e-18       5.00000e-20       4.60934e-18
 127.3168989       4.57108e-18       5.00000e-20       4.52108e-18
 127.4212024       4.67831e-18       5.00000e-20       4.62831e-18
 127.5268534       4.66615e-18       5.00000e-20       4.61615e-18
 127.6317496       4.58552e-18       5.00000e-20       4.53552e-18
 127.7378856       4.59511e-18       5.00000e-20       4.54511e-18
 127.8430513       4.46738e-18       5.00000e-20       4.41738e-18
 127.9481630       4.71377e-18       5.00000e-20       4.66377e-18
 128.0548917       4.66217e-18       5.00000e-20       4.61217e-18
 128.1605962       4.58443e-18       5.00000e-20       4.53443e-18
 128.2665163       4.66492e-18       5.00000e-20       4.61492e-18
 128.3732448       4.75504e-18       5.00000e-20       4.70504e-18
 128.4792726       4.69225e-18       5.00000e-20       4.64225e-18
 128.5861627       4.60601e-18       5.00000e-20       4.55601e-18
 128.6932145       4.54126e-18       5.00000e-20       4.49126e-18
 128.8008591       4.65397e-18       5.00000e-20       4.60397e-18
 128.9067788       4.63716e-18       5.00000e-20       4.58716e-18
 129.0146928       4.60643e-18       5.00000e-20       4.55643e-18
 129.1226068       4.56424e-18       5.00000e-20       4.51424e-18
 129.2301434       4.54629e-18       5.00000e-20       4.49629e-18
 129.3383806       4.50416e-18       5.00000e-20       4.45416e-18
 129.4459710       4.48979e-18       5.00000e-20       4.43979e-18
 129.5543698       4.61606e-18       5.00000e-20       4.56606e-18
 129.6631998       4.42187e-18       5.00000e-20       4.37187e-18
 129.7714368       4.52754e-18       5.00000e-20       4.47754e-18
 129.8808596       4.52074e-18       5.00000e-20       4.47074e-18
 129.9891504       4.40556e-18       5.00000e-20       4.35556e-18
 130.0995433       4.47190e-18       5.00000e-20       4.42190e-18
 130.2081573       4.40133e-18       5.00000e-20       4.35133e-18
 130.3188735       4.31555e-18       5.00000e-20       4.26555e-18
 130.4281881       4.44813e-18       5.00000e-20       4.39813e-18
 130.5378261       4.39744e-18       5.00000e-20       4.34744e-18
 130.6476258       4.57297e-18       5.00000e-20       4.52297e-18
 130.7583956       4.46488e-18       5.00000e-20       4.41488e-18
 130.8694888       4.31991e-18       5.00000e-20       4.26991e-18
 130.9795038       4.40800e-18       5.00000e-20       4.35800e-18
 131.0908124       4.34835e-18       5.00000e-20       4.29835e-18
 131.2011507       4.29732e-18       5.00000e-20       4.24732e-18
 131.3127288       4.32066e-18       5.00000e-20       4.27066e-18
 131.4241989       4.27368e-18       5.00000e-20       4.22368e-18
 131.5356689       4.14133e-18       5.00000e-20       4.09133e-18
 131.6471389       4.22841e-18       5.00000e-20       4.17841e-18
 131.7601720       4.17872e-18       5.00000e-20       4.12872e-18
 131.8728277       4.26531e-18       5.00000e-20       4.21531e-18
 131.9845131       4.22966e-18       5.00000e-20       4.17966e-18
 132.0971686       4.18097e-18       5.00000e-20       4.13097e-18
 132.2102553       4.22267e-18       5.00000e-20       4.17267e-18
 132.3232342       4.15648e-18       5.00000e-20       4.10648e-18
 132.4355661       4.08145e-18       5.00000e-20       4.03145e-18
 132.5501618       4.06848e-18       5.00000e-20       4.01848e-18
 132.6640567       3.97499e-18       5.00000e-20       3.92499e-18
 132.7776282       4.14576e-18       5.00000e-20       4.09576e-18
 132.8910918       3.97394e-18       5.00000e-20       3.92394e-18
 133.0050404       4.08194e-18       5.00000e-20       4.03194e-18
 133.1195818       4.07565e-18       5.00000e-20       4.02565e-18
 133.2349318       3.94174e-18       5.00000e-20       3.89174e-18
 133.3485028       4.08075e-18       5.00000e-20       4.03075e-18
 133.4641760       3.93824e-18       5.00000e-20       3.88824e-18
 133.5789328       3.87446e-18       5.00000e-20       3.82446e-18
 133.6942285       3.90958e-18       5.00000e-20       3.85958e-18
 133.8103326       4.02263e-18       5.00000e-20       3.97263e-18
 133.9257899       3.84706e-18       5.00000e-20       3.79706e-18
 134.0425407       3.84952e-18       5.00000e-20       3.79952e-18
 134.1579439       3.86316e-18       5.00000e-20       3.81316e-18
 134.2750180       3.83802e-18       5.00000e-20       3.78802e-18
 134.3910679       3.70952e-18       5.00000e-20       3.65952e-18
 134.5075489       3.76525e-18       5.00000e-20       3.71525e-18
 134.6252695       3.79289e-18       5.00000e-20       3.74289e-18
 134.7414270       3.80406e-18       5.00000e-20       3.75406e-18
 134.8596326       3.73905e-18       5.00000e-20       3.68905e-18
 134.9772452       3.73456e-18       5.00000e-20       3.68456e-18
 135.0950194       3.68527e-18       5.00000e-20       3.63527e-18
 135.2129553       3.68824e-18       5.00000e-20       3.63824e-18
 135.3309989       3.57509e-18       5.00000e-20       3.52509e-18
 135.4493119       3.65276e-18       5.00000e-20       3.60276e-18
 135.5677865       3.47689e-18       5.00000e-20       3.42689e-18
 135.6864767       3.47746e-18       5.00000e-20       3.42746e-18
 135.8057057       3.62465e-18       5.00000e-20       3.57465e-18
 135.9249886       3.44796e-18       5.00000e-20       3.39796e-18
 136.0443793       3.38722e-18       5.00000e-20       3.33722e-18
 136.1639854       3.47256e-18       5.00000e-20       3.42256e-18
 136.2845078       3.46523e-18       5.00000e-20       3.41523e-18
 136.4042755       3.45897e-18       5.00000e-20       3.40897e-18
 136.5242047       3.45739e-18       5.00000e-20       3.40739e-18
 136.6445113       3.40450e-18       5.00000e-20       3.35450e-18
 136.7656801       3.34931e-18       5.00000e-20       3.29931e-18
 136.8856092       3.31646e-18       5.00000e-20       3.26646e-18
 137.0082870       3.29065e-18       5.00000e-20       3.24065e-18
 137.1286471       3.28092e-18       5.00000e-20       3.23092e-18
 137.2509475       3.17419e-18       5.00000e-20       3.12419e-18
 137.3728706       3.16618e-18       5.00000e-20       3.11618e-18
 137.4939850       3.13272e-18       5.00000e-20       3.08272e-18
 137.6167163       3.00924e-18       5.00000e-20       2.95924e-18
 137.7390164       3.00260e-18       5.00000e-20       2.95260e-18
 137.8613703       3.00115e-18       5.00000e-20       2.95115e-18
 137.9847482       3.10671e-18       5.00000e-20       3.05671e-18
 138.1079643       3.04963e-18       5.00000e-20       2.99963e-18
 138.2303179       3.04787e-18       5.00000e-20       2.99787e-18
 138.3546657       2.90757e-18       5.00000e-20       2.85757e-18
 138.4772348       2.98260e-18       5.00000e-20       2.93260e-18
 138.6021214       2.89237e-18       5.00000e-20       2.84237e-18
 138.7271697       2.96552e-18       5.00000e-20       2.91552e-18
 138.8510860       2.78938e-18       5.00000e-20       2.73938e-18
 138.9757567       2.78153e-18       5.00000e-20       2.73153e-18
 139.1007508       2.81756e-18       5.00000e-20       2.76756e-18
 139.2249363       2.78184e-18       5.00000e-20       2.73184e-18
 139.3512777       2.83573e-18       5.00000e-20       2.78573e-18
 139.4762715       2.65524e-18       5.00000e-20       2.60524e-18
 139.6019120       2.83316e-18       5.00000e-20       2.78316e-18
 139.7286844       2.71425e-18       5.00000e-20       2.66425e-18
 139.8553488       2.63641e-18       5.00000e-20       2.58641e-18
 139.9801805       2.59254e-18       5.00000e-20       2.54254e-18
 140.1080306       2.52705e-18       5.00000e-20       2.47705e-18
 140.2341557       2.57734e-18       5.00000e-20       2.52734e-18
 140.3620055       2.48110e-18       5.00000e-20       2.43110e-18
 140.4895319       2.47635e-18       5.00000e-20       2.42635e-18
 140.6167347       2.43435e-18       5.00000e-20       2.38435e-18
 140.7444226       2.24039e-18       5.00000e-20       2.19039e-18
 140.8728110       2.31792e-18       5.00000e-20       2.26792e-18
 141.0017383       2.35472e-18       5.00000e-20       2.30472e-18
 141.1299649       2.32491e-18       5.00000e-20       2.27491e-18
 141.2582452       2.19002e-18       5.00000e-20       2.14002e-18
 141.3876035       2.20091e-18       5.00000e-20       2.15091e-18
 141.5167460       2.21670e-18       5.00000e-20       2.16670e-18
 141.6462119       2.26614e-18       5.00000e-20       2.21614e-18
 141.7753542       2.16652e-18       5.00000e-20       2.11652e-18
 141.9060056       2.03298e-18       5.00000e-20       1.98298e-18
 142.0361179       2.11523e-18       5.00000e-20       2.06523e-18
 142.1664996       2.06853e-18       5.00000e-20       2.01853e-18
 142.2977975       2.01918e-18       5.00000e-20       1.96918e-18
 142.4280712       1.87334e-18       5.00000e-20       1.82334e-18
 142.5587222       1.96381e-18       5.00000e-20       1.91381e-18
 142.6903431       1.93907e-18       5.00000e-20       1.88907e-18
 142.8234193       1.81183e-18       5.00000e-20       1.76183e-18
 142.9541238       1.85853e-18       5.00000e-20       1.80853e-18
 143.0862834       1.84338e-18       5.00000e-20       1.79338e-18
 143.2187125       1.69171e-18       5.00000e-20       1.64171e-18
 143.3509797       1.66174e-18       5.00000e-20       1.61174e-18
 143.4840014       1.63455e-18       5.00000e-20       1.58455e-18
 143.6168613       1.59425e-18       5.00000e-20       1.54425e-18
 143.7511764       1.59738e-18       5.00000e-20       1.54738e-18
 143.8838205       1.56384e-18       5.00000e-20       1.51384e-18
 144.0183509       1.58866e-18       5.00000e-20       1.53866e-18
 144.1521806       1.50147e-18       5.00000e-20       1.45147e-18
 144.2867647       1.45898e-18       5.00000e-20       1.40898e-18
 144.4212409       1.38563e-18       5.00000e-20       1.33563e-18
 144.5552320       1.23891e-18       5.00000e-20       1.18891e-18
 144.6915405       1.26672e-18       5.00000e-20       1.21672e-18
 144.8272021       1.30418e-18       5.00000e-20       1.25418e-18
 144.9619474       1.26277e-18       5.00000e-20       1.21277e-18
 145.0984712       1.18399e-18       5.00000e-20       1.13399e-18
 145.2340247       1.09913e-18       5.00000e-20       1.04913e-18
 145.3709256       1.12732e-18       5.00000e-20       1.07732e-18
 145.5073412       9.57389e-19       5.00000e-20       9.07389e-19
 145.6441880       9.71269e-19       5.00000e-20       9.21269e-19
 145.7820586       8.03651e-19       5.00000e-20       7.53651e-19
 145.9182044       8.87063e-19       5.00000e-20       8.37063e-19
 146.0559671       8.28667e-19       5.00000e-20       7.78667e-19
 146.1939991       8.23577e-19       5.00000e-20       7.73577e-19
 146.3329473       7.80336e-19       5.00000e-20       7.30336e-19
 146.4715719       6.63113e-19       5.00000e-20       6.13113e-19
 146.6098731       6.48663e-19       5.00000e-20       5.98663e-19
 146.7493599       6.34527e-19       5.00000e-20       5.84527e-19
 146.8883076       6.21821e-19       5.00000e-20       5.71821e-19
 147.0277941       5.88601e-19       5.00000e-20       5.38601e-19
 147.1671727       5.96526e-19       5.00000e-20       5.46526e-19
 147.3075214       5.34794e-19       5.00000e-20       4.84794e-19
 147.4476543       5.59787e-19       5.00000e-20       5.09787e-19
 147.5882184       4.79433e-19       5.00000e-20       4.29433e-19
 147.7286744       4.16448e-19       5.00000e-20       3.66448e-19
 147.8696694       4.05093e-19       5.00000e-20       3.55093e-19
 148.0112032       4.44412e-19       5.00000e-20       3.94412e-19
 148.1530602       3.85507e-19       5.00000e-20       3.35507e-19
 148.2946477       3.59752e-19       5.00000e-20       3.09752e-19
 148.4370434       3.46360e-19       5.00000e-20       2.96360e-19
 148.5793852       3.10959e-19       5.00000e-20       2.60959e-19
 148.7225892       2.90986e-19       5.00000e-20       2.40986e-19
 148.8656852       3.05795e-19       5.00000e-20       2.55795e-19
 149.0093740       2.55221e-19       5.00000e-20       2.05221e-19
 149.1521464       2.34801e-19       5.00000e-20       1.84801e-19
 149.2961045       2.37398e-19       5.00000e-20       1.87398e-19
 149.4403857       1.89888e-19       5.00000e-20       1.39888e-19
 149.5847747       2.22412e-19       5.00000e-20       1.72412e-19
 149.7290018       2.01607e-19       5.00000e-20       1.51607e-19
 149.8738755       1.78503e-19       5.00000e-20       1.28503e-19
 150.0196654       1.62241e-19       5.00000e-20       1.12241e-19
 150.1652395       1.58935e-19       5.00000e-20       1.08935e-19
 150.3109752       1.48504e-19       5.00000e-20       9.85041e-20
 150.4567647       1.33881e-19       5.00000e-20       8.38811e-20
 150.6030929       1.57406e-19       5.00000e-20       1.07406e-19
 150.7499062       1.53761e-19       5.00000e-20       1.03761e-19
 150.8977972       9.99428e-20       5.00000e-20       4.99428e-20
 151.0445562       1.37957e-19       5.00000e-20       8.79569e-20
 151.1915307       1.13594e-19       5.00000e-20       6.35936e-20
 151.3403375       1.06357e-19       5.00000e-20       5.63567e-20
 151.4874196       9.83462e-20       5.00000e-20       4.83462e-20
 151.6355255       9.44104e-20       5.00000e-20       4.44104e-20
 151.7842241       7.67783e-20       5.00000e-20       2.67783e-20
 151.9331920       8.79848e-20       5.00000e-20       3.79848e-20
 152.0833995       8.25964e-20       5.00000e-20       3.25964e-20
 152.2322055       6.32988e-20       5.00000e-20       1.32988e-20
 152.3823587       7.57921e-20       5.00000e-20       2.57921e-20
 152.5324040       5.00000e-20       5.00000e-20       0.00000e+00
 152.6831498       5.00000e-20       5.00000e-20       0.00000e+00
 153.0000000       5.00000e-20       5.00000e-20       0.00000e+00
 154.0000000       5.00000e-20       5.00000e-20       0.00000e+00
 155.0000000       1.13022e-19       1.13022e-19       0.00000e+00
 155.8410000       7.47853e-19       7.47853e-19       0.00000e+00
 155.9700000       8.16523e-19       8.16523e-19       0.00000e+00
 156.0980000       8.90232e-19       8.90232e-19       0.00000e+00
 156.2270000       9.70469e-19       9.70469e-19       0.00000e+00
 156.3550000       1.05633e-18       1.05633e-18       0.00000e+00
 156.4840000       1.14951e-18       1.14951e-18       0.00000e+00
 156.6120000       1.24891e-18       1.24891e-18       0.00000e+00
 156.7410000       1.35645e-18       1.35645e-18       0.00000e+00
 156.8700000       1.47174e-18       1.47174e-18       0.00000e+00
 156.9980000       1.59416e-18       1.59416e-18       0.00000e+00
 157.1270000       1.72598e-18       1.72598e-18       0.00000e+00
 157.2550000       1.86551e-18       1.86551e-18       0.00000e+00
 157.3840000       2.01528e-18       2.01528e-18       0.00000e+00
 157.5120000       2.17330e-18       2.17330e-18       0.00000e+00
 157.6410000       2.34237e-18       2.34237e-18       0.00000e+00
 157.7690000       2.52019e-18       2.52019e-18       0.00000e+00
 157.8980000       2.70982e-18       2.70982e-18       0.00000e+00
 158.0260000       2.90861e-18       2.90861e-18       0.00000e+00
 158.1550000       3.11991e-18       3.11991e-18       0.00000e+00
 158.2830000       3.34068e-18       3.34068e-18       0.00000e+00
 158.4120000       3.57456e-18       3.57456e-18       0.00000e+00
 158.5400000       3.81811e-18       3.81811e-18       0.00000e+00
 158.6690000       4.07524e-18       4.07524e-18       0.00000e+00
 158.7980000       4.34421e-18       4.34421e-18       0.00000e+00
 158.9260000       4.62284e-18       4.62284e-18       0.00000e+00
 159.0550000       4.91550e-18       4.91550e-18       0.00000e+00
 159.1830000       5.21759e-18       5.21759e-18       0.00000e+00
 159.3120000       5.53377e-18       5.53377e-18       0.00000e+00
 159.4400000       5.85897e-18       5.85897e-18       0.00000e+00
 159.5690000       6.19808e-18       6.19808e-18       0.00000e+00
 159.6970000       6.54559e-18       6.54559e-18       0.00000e+00
 159.8260000       6.90661e-18       6.90661e-18       0.00000e+00
 159.9540000       7.27517e-18       7.27517e-18       0.00000e+00
 160.0830000       7.65659e-18       7.65659e-18       0.00000e+00
 160.2110000       8.04446e-18       8.04446e-18       0.00000e+00
 160.3400000       8.44426e-18       8.44426e-18       0.00000e+00
 160.4680000       8.84918e-18       8.84918e-18       0.00000e+00
 160.5970000       9.26485e-18       9.26485e-18       0.00000e+00
 160.7260000       9.68737e-18       9.68737e-18       0.00000e+00
 160.8540000       1.01126e-17       1.01126e-17       0.00000e+00
 160.9830000       1.05462e-17       1.05462e-17       0.00000e+00
 161.1110000       1.09807e-17       1.09807e-17       0.00000e+00
 161.2400000       1.14218e-17       1.14218e-17       0.00000e+00
 161.3680000       1.18615e-17       1.18615e-17       0.00000e+00
 161.4970000       1.23058e-17       1.23058e-17       0.00000e+00
 161.6250000       1.27466e-17       1.27466e-17       0.00000e+00
 161.7540000       1.31897e-17       1.31897e-17       0.00000e+00
 161.8820000       1.36268e-17       1.36268e-17       0.00000e+00
 162.0110000       1.40638e-17       1.40638e-17       0.00000e+00
 162.1390000       1.44925e-17       1.44925e-17       0.00000e+00
 162.2680000       1.49184e-17       1.49184e-17       0.00000e+00
 162.3960000       1.53336e-17       1.53336e-17       0.00000e+00
 162.5250000       1.57433e-17       1.57433e-17       0.00000e+00
 162.6530000       1.61399e-17       1.61399e-17       0.00000e+00
 162.7820000       1.65284e-17       1.65284e-17       0.00000e+00
 162.9110000       1.69044e-17       1.69044e-17       0.00000e+00
 163.0390000       1.72639e-17       1.72639e-17       0.00000e+00
 163.1680000       1.76114e-17       1.76114e-17       0.00000e+00
 163.2960000       1.79404e-17       1.79404e-17       0.00000e+00
 163.4250000       1.82549e-17       1.82549e-17       0.00000e+00
 163.5530000       1.85490e-17       1.85490e-17       0.00000e+00
 163.6820000       1.88265e-17       1.88265e-17       0.00000e+00
 163.8100000       1.90822e-17       1.90822e-17       0.00000e+00
 163.9390000       1.93193e-17       1.93193e-17       0.00000e+00
 164.0670000       1.95333e-17       1.95333e-17       0.00000e+00
 164.1960000       1.97271e-17       1.97271e-17       0.00000e+00
 164.3240000       1.98972e-17       1.98972e-17       0.00000e+00
 164.4530000       2.00457e-17       2.00457e-17       0.00000e+00
 164.5810000       2.01702e-17       2.01702e-17       0.00000e+00
 164.7100000       2.02723e-17       2.02723e-17       0.00000e+00
 164.8390000       2.03510e-17       2.03510e-17       0.00000e+00
 164.9670000       2.04059e-17       2.04059e-17       0.00000e+00
 165.0960000       2.04380e-17       2.04380e-17       0.00000e+00
 165.2240000       2.04472e-17       2.04472e-17       0.00000e+00
 165.3530000       2.04340e-17       2.04340e-17       0.00000e+00
 165.4810000       2.03990e-17       2.03990e-17       0.00000e+00
 165.6100000       2.03425e-17       2.03425e-17       0.00000e+00
 165.7380000       2.02658e-17       2.02658e-17       0.00000e+00
 165.8670000       2.01688e-17       2.01688e-17       0.00000e+00
 165.9950000       2.00539e-17       2.00539e-17       0.00000e+00
 166.1240000       1.99203e-17       1.99203e-17       0.00000e+00
 166.2520000       1.97712e-17       1.97712e-17       0.00000e+00
 166.3810000       1.96056e-17       1.96056e-17       0.00000e+00
 166.5090000       1.94272e-17       1.94272e-17       0.00000e+00
 166.6380000       1.92347e-17       1.92347e-17       0.00000e+00
 166.7670000       1.90309e-17       1.90309e-17       0.00000e+00
 166.8950000       1.88189e-17       1.88189e-17       0.00000e+00
 167.0240000       1.85972e-17       1.85972e-17       0.00000e+00
 167.1520000       1.83705e-17       1.83705e-17       0.00000e+00
 167.2810000       1.81371e-17       1.81371e-17       0.00000e+00
 167.4090000       1.79022e-17       1.79022e-17       0.00000e+00
 167.5380000       1.76637e-17       1.76637e-17       0.00000e+00
 167.6660000       1.74270e-17       1.74270e-17       0.00000e+00
 167.7950000       1.71900e-17       1.71900e-17       0.00000e+00
 167.9230000       1.69580e-17       1.69580e-17       0.00000e+00
 168.0520000       1.67291e-17       1.67291e-17       0.00000e+00
 168.1800000       1.65082e-17       1.65082e-17       0.00000e+00
 168.3090000       1.62934e-17       1.62934e-17       0.00000e+00
 168.4370000       1.60895e-17       1.60895e-17       0.00000e+00
 168.5660000       1.58947e-17       1.58947e-17       0.00000e+00
 168.6940000       1.57132e-17       1.57132e-17       0.00000e+00
 168.8230000       1.55436e-17       1.55436e-17       0.00000e+00
 168.9520000       1.53883e-17       1.53883e-17       0.00000e+00
 169.0800000       1.52495e-17       1.52495e-17       0.00000e+00
 169.2090000       1.51258e-17       1.51258e-17       0.00000e+00
 169.3370000       1.50201e-17       1.50201e-17       0.00000e+00
 169.4660000       1.49314e-17       1.49314e-17       0.00000e+00
 169.5940000       1.48617e-17       1.48617e-17       0.00000e+00
 169.7230000       1.48102e-17       1.48102e-17       0.00000e+00
 169.8510000       1.47782e-17       1.47782e-17       0.00000e+00
 169.9800000       1.47654e-17       1.47654e-17       0.00000e+00
 170.1080000       1.47720e-17       1.47720e-17       0.00000e+00
 170.2370000       1.47982e-17       1.47982e-17       0.00000e+00
 170.3650000       1.48432e-17       1.48432e-17       0.00000e+00
 170.4940000       1.49077e-17       1.49077e-17       0.00000e+00
 170.6220000       1.49900e-17       1.49900e-17       0.00000e+00
 170.7510000       1.50910e-17       1.50910e-17       0.00000e+00
 170.8800000       1.52093e-17       1.52093e-17       0.00000e+00
 171.0080000       1.53432e-17       1.53432e-17       0.00000e+00
 171.1370000       1.54938e-17       1.54938e-17       0.00000e+00
 171.2650000       1.56578e-17       1.56578e-17       0.00000e+00
 171.3940000       1.58366e-17       1.58366e-17       0.00000e+00
 171.5220000       1.60263e-17       1.60263e-17       0.00000e+00
 171.6510000       1.62286e-17       1.62286e-17       0.00000e+00
 171.7790000       1.64390e-17       1.64390e-17       0.00000e+00
 171.9080000       1.66593e-17       1.66593e-17       0.00000e+00
 172.0360000       1.68847e-17       1.68847e-17       0.00000e+00
 172.1650000       1.71171e-17       1.71171e-17       0.00000e+00
 172.2930000       1.73514e-17       1.73514e-17       0.00000e+00
 172.4220000       1.75896e-17       1.75896e-17       0.00000e+00
 172.5500000       1.78265e-17       1.78265e-17       0.00000e+00
 172.6790000       1.80640e-17       1.80640e-17       0.00000e+00
 172.8080000       1.82986e-17       1.82986e-17       0.00000e+00
 172.9360000       1.85270e-17       1.85270e-17       0.00000e+00
 173.0650000       1.87510e-17       1.87510e-17       0.00000e+00
 173.1930000       1.89656e-17       1.89656e-17       0.00000e+00
 173.3220000       1.91726e-17       1.91726e-17       0.00000e+00
 173.4500000       1.93673e-17       1.93673e-17       0.00000e+00
 173.5790000       1.95512e-17       1.95512e-17       0.00000e+00
 173.7070000       1.97202e-17       1.97202e-17       0.00000e+00
 173.8360000       1.98754e-17       1.98754e-17       0.00000e+00
 173.9640000       2.00133e-17       2.00133e-17       0.00000e+00
 174.0930000       2.01349e-17       2.01349e-17       0.00000e+00
 174.2210000       2.02371e-17       2.02371e-17       0.00000e+00
 174.3500000       2.03207e-17       2.03207e-17       0.00000e+00
 174.4780000       2.03833e-17       2.03833e-17       0.00000e+00
 174.6070000       2.04254e-17       2.04254e-17       0.00000e+00
 174.7350000       2.04454e-17       2.04454e-17       0.00000e+00
 174.8640000       2.04433e-17       2.04433e-17       0.00000e+00
 174.9930000       2.04183e-17       2.04183e-17       0.00000e+00
 175.1210000       2.03706e-17       2.03706e-17       0.00000e+00
 175.2500000       2.02992e-17       2.02992e-17       0.00000e+00
 175.3780000       2.02052e-17       2.02052e-17       0.00000e+00
 175.5070000       2.00871e-17       2.00871e-17       0.00000e+00
 175.6350000       1.99469e-17       1.99469e-17       0.00000e+00
 175.7640000       1.97827e-17       1.97827e-17       0.00000e+00
 175.8920000       1.95973e-17       1.95973e-17       0.00000e+00
 176.0210000       1.93884e-17       1.93884e-17       0.00000e+00
 176.1490000       1.91598e-17       1.91598e-17       0.00000e+00
 176.2780000       1.89086e-17       1.89086e-17       0.00000e+00
 176.4060000       1.86393e-17       1.86393e-17       0.00000e+00
 176.5350000       1.83488e-17       1.83488e-17       0.00000e+00
 176.6630000       1.80422e-17       1.80422e-17       0.00000e+00
 176.7920000       1.77160e-17       1.77160e-17       0.00000e+00
 176.9210000       1.73733e-17       1.73733e-17       0.00000e+00
 177.0490000       1.70183e-17       1.70183e-17       0.00000e+00
 177.1780000       1.66464e-17       1.66464e-17       0.00000e+00
 177.3060000       1.62647e-17       1.62647e-17       0.00000e+00
 177.4350000       1.58684e-17       1.58684e-17       0.00000e+00
 177.5630000       1.54648e-17       1.54648e-17       0.00000e+00
 177.6920000       1.50490e-17       1.50490e-17       0.00000e+00
 177.8200000       1.46286e-17       1.46286e-17       0.00000e+00
 177.9490000       1.41983e-17       1.41983e-17       0.00000e+00
 178.0770000       1.37662e-17       1.37662e-17       0.00000e+00
 178.2060000       1.33266e-17       1.33266e-17       0.00000e+00
 178.3340000       1.28876e-17       1.28876e-17       0.00000e+00
 178.4630000       1.24436e-17       1.24436e-17       0.00000e+00
 178.5910000       1.20027e-17       1.20027e-17       0.00000e+00
 178.7200000       1.15590e-17       1.15590e-17       0.00000e+00
 178.8490000       1.11172e-17       1.11172e-17       0.00000e+00
 178.9770000       1.06816e-17       1.06816e-17       0.00000e+00
 179.1060000       1.02465e-17       1.02465e-17       0.00000e+00
 179.2340000       9.81965e-18       9.81965e-18       0.00000e+00
 179.3630000       9.39517e-18       9.39517e-18       0.00000e+00
 179.4910000       8.98051e-18       8.98051e-18       0.00000e+00
 179.6200000       8.56995e-18       8.56995e-18       0.00000e+00
 179.7480000       8.17059e-18       8.17059e-18       0.00000e+00
 179.8770000       7.77682e-18       7.77682e-18       0.00000e+00
 180.0050000       7.39533e-18       7.39533e-18       0.00000e+00
 180.1340000       7.02070e-18       7.02070e-18       0.00000e+00
 180.2620000       6.65917e-18       6.65917e-18       0.00000e+00
 180.3910000       6.30551e-18       6.30551e-18       0.00000e+00
 180.5190000       5.96552e-18       5.96552e-18       0.00000e+00
 180.6480000       5.63417e-18       5.63417e-18       0.00000e+00
 180.7760000       5.31681e-18       5.31681e-18       0.00000e+00
 180.9050000       5.00865e-18       5.00865e-18       0.00000e+00
 181.0340000       4.71232e-18       4.71232e-18       0.00000e+00
 181.1620000       4.43003e-18       4.43003e-18       0.00000e+00
 181.2910000       4.15738e-18       4.15738e-18       0.00000e+00
 181.4190000       3.89855e-18       3.89855e-18       0.00000e+00
 181.5480000       3.64944e-18       3.64944e-18       0.00000e+00
 181.6760000       3.41377e-18       3.41377e-18       0.00000e+00
 181.8050000       3.18770e-18       3.18770e-18       0.00000e+00
 181.9330000       2.97456e-18       2.97456e-18       0.00000e+00
 182.0620000       2.77079e-18       2.77079e-18       0.00000e+00
 182.1900000       2.57931e-18       2.57931e-18       0.00000e+00
 182.3190000       2.39685e-18       2.39685e-18       0.00000e+00
 182.4470000       2.22595e-18       2.22595e-18       0.00000e+00
 182.5760000       2.06364e-18       2.06364e-18       0.00000e+00
 182.7040000       1.91210e-18       1.91210e-18       0.00000e+00
 182.8330000       1.76864e-18       1.76864e-18       0.00000e+00
 182.9620000       1.63411e-18       1.63411e-18       0.00000e+00
 183.0900000       1.50912e-18       1.50912e-18       0.00000e+00
 183.2190000       1.39135e-18       1.39135e-18       0.00000e+00
 183.3470000       1.28227e-18       1.28227e-18       0.00000e+00
 183.4760000       1.17981e-18       1.17981e-18       0.00000e+00
 183.6040000       1.08520e-18       1.08520e-18       0.00000e+00
 183.7330000       9.96615e-19       9.96615e-19       0.00000e+00
 183.8610000       9.15070e-19       9.15070e-19       0.00000e+00
 183.9900000       8.38946e-19       8.38946e-19       0.00000e+00
 184.1180000       7.69087e-19       7.69087e-19       0.00000e+00
 184.2470000       7.04073e-19       7.04073e-19       0.00000e+00
 184.3750000       6.44590e-19       6.44590e-19       0.00000e+00
 184.5040000       5.89399e-19       5.89399e-19       0.00000e+00
 184.6320000       5.39057e-19       5.39057e-19       0.00000e+00
 184.7610000       4.92487e-19       4.92487e-19       0.00000e+00
 184.8900000       4.49818e-19       4.49818e-19       0.00000e+00
 185.0180000       4.11073e-19       4.11073e-19       0.00000e+00
 185.1470000       3.75391e-19       3.75391e-19       0.00000e+00
 185.2750000       3.43086e-19       3.43086e-19       0.00000e+00
 185.4040000       3.13424e-19       3.13424e-19       0.00000e+00
 185.5320000       2.86647e-19       2.86647e-19       0.00000e+00
 185.6610000       2.62133e-19       2.62133e-19       0.00000e+00
 185.7890000       2.40070e-19       2.40070e-19       0.00000e+00
 185.9180000       2.19929e-19       2.19929e-19       0.00000e+00
 186.0460000       2.01855e-19       2.01855e-19       0.00000e+00
 186.1750000       1.85404e-19       1.85404e-19       0.00000e+00
 186.3030000       1.70684e-19       1.70684e-19       0.00000e+00
 186.4320000       1.57325e-19       1.57325e-19       0.00000e+00
 186.5600000       1.45406e-19       1.45406e-19       0.00000e+00
 186.6890000       1.34621e-19       1.34621e-19       0.00000e+00
 186.8170000       1.25026e-19       1.25026e-19       0.00000e+00
 186.9460000       1.16368e-19       1.16368e-19       0.00000e+00
 187.0750000       1.08631e-19       1.08631e-19       0.00000e+00
 187.2030000       1.01778e-19       1.01778e-19       0.00000e+00
 187.3320000       9.56206e-20       9.56206e-20       0.00000e+00
 187.4600000       9.01822e-20       9.01822e-20       0.00000e+00
 187.5890000       8.53102e-20       8.53102e-20       0.00000e+00
 187.7170000       8.10191e-20       8.10191e-20       0.00000e+00
 187.8460000       7.71859e-20       7.71859e-20       0.00000e+00
 187.9740000       7.38194e-20       7.38194e-20       0.00000e+00
 188.1030000       7.08206e-20       7.08206e-20       0.00000e+00
 188.2310000       6.81944e-20       6.81944e-20       0.00000e+00
 188.3600000       6.58616e-20       6.58616e-20       0.00000e+00
 188.4880000       6.38245e-20       6.38245e-20       0.00000e+00
 188.6170000       6.20201e-20       6.20201e-20       0.00000e+00
 188.7450000       6.04488e-20       6.04488e-20       0.00000e+00
 188.8740000       5.90609e-20       5.90609e-20       0.00000e+00
 189.0030000       5.78470e-20       5.78470e-20       0.00000e+00
 189.1310000       5.67943e-20       5.67943e-20       0.00000e+00
 189.2600000       5.58684e-20       5.58684e-20       0.00000e+00
 189.3880000       5.50678e-20       5.50678e-20       0.00000e+00
 189.5170000       5.43656e-20       5.43656e-20       0.00000e+00
 189.6450000       5.37601e-20       5.37601e-20       0.00000e+00
 189.7740000       5.32305e-20       5.32305e-20       0.00000e+00
 189.9020000       5.27751e-20       5.27751e-20       0.00000e+00
 190.0310000       5.23780e-20       5.23780e-20       0.00000e+00
 190.1590000       5.20374e-20       5.20374e-20       0.00000e+00
 190.2880000       5.17412e-20       5.17412e-20       0.00000e+00
 190.4160000       5.14879e-20       5.14879e-20       0.00000e+00
 190.5450000       5.12682e-20       5.12682e-20       0.00000e+00
 190.6730000       5.10809e-20       5.10809e-20       0.00000e+00
 190.8020000       5.09188e-20       5.09188e-20       0.00000e+00
 190.9310000       5.07801e-20       5.07801e-20       0.00000e+00
 191.0590000       5.06622e-20       5.06622e-20       0.00000e+00
 191.1880000       5.05607e-20       5.05607e-20       0.00000e+00
 191.3160000       5.04747e-20       5.04747e-20       0.00000e+00
 191.4450000       5.04009e-20       5.04009e-20       0.00000e+00
 191.5730000       5.03385e-20       5.03385e-20       0.00000e+00
 191.7020000       5.02851e-20       5.02851e-20       0.00000e+00
 191.8300000       5.02402e-20       5.02402e-20       0.00000e+00
 191.9590000       5.02017e-20       5.02017e-20       0.00000e+00
 192.0870000       5.01695e-20       5.01695e-20       0.00000e+00
 192.2160000       5.01420e-20       5.01420e-20       0.00000e+00
 192.3440000       5.01189e-20       5.01189e-20       0.00000e+00
 192.4730000       5.00994e-20       5.00994e-20       0.00000e+00
 192.6010000       5.00830e-20       5.00830e-20       0.00000e+00
 192.7300000       5.00692e-20       5.00692e-20       0.00000e+00
 192.8580000       5.00577e-20       5.00577e-20       0.00000e+00
 192.9870000       5.00479e-20       5.00479e-20       0.00000e+00
 193.1160000       5.00398e-20       5.00398e-20       0.00000e+00
 193.2440000       5.00330e-20       5.00330e-20       0.00000e+00
 193.3730000       5.00273e-20       5.00273e-20       0.00000e+00
 193.5010000       5.00226e-20       5.00226e-20       0.00000e+00
 193.6300000       5.00187e-20       5.00187e-20       0.00000e+00
 193.7580000       5.00154e-20       5.00154e-20       0.00000e+00
 193.8870000       5.00127e-20       5.00127e-20       0.00000e+00
 194.0150000       5.00105e-20       5.00105e-20       0.00000e+00
 194.1440000       5.00086e-20       5.00086e-20       0.00000e+00
 194.2720000       5.00071e-20       5.00071e-20       0.00000e+00
 194.4010000       5.00058e-20       5.00058e-20       0.00000e+00
 194.5290000       5.00047e-20       5.00047e-20       0.00000e+00
 194.6580000       5.00039e-20       5.00039e-20       0.00000e+00
 194.7860000       5.00032e-20       5.00032e-20       0.00000e+00
 194.9150000       5.00026e-20       5.00026e-20       0.00000e+00
 195.0000000       5.00000e-20       5.00000e-20       0.00000e+00
 195.0440000       5.00021e-20       5.00021e-20       0.00000e+00
 196.0000000       5.00000e-20       5.00000e-20       0.00000e+00
 197.0000000       5.00000e-20       5.00000e-20       0.00000e+00
 199.8410000       1.51201e-17       1.51201e-17       0.00000e+00
 199.9700000       1.58651e-17       1.58651e-17       0.00000e+00
 200.0980000       1.61134e-17       1.61134e-17       0.00000e+00
 200.2270000       1.66449e-17       1.66449e-17       0.00000e+00
 200.3550000       1.74172e-17       1.74172e-17       0.00000e+00
 200.4840000       1.81170e-17       1.81170e-17       0.00000e+00
 200.6120000       1.85761e-17       1.85761e-17       0.00000e+00
 200.7410000       1.89668e-17       1.89668e-17       0.00000e+00
 200.8700000       1.93879e-17       1.93879e-17       0.00000e+00
 200.9980000       1.96522e-17       1.96522e-17       0.00000e+00
 201.1270000       1.97970e-17       1.97970e-17       0.00000e+00
 201.2550000       1.99626e-17       1.99626e-17       0.00000e+00
 201.3840000       2.00661e-17       2.00661e-17       0.00000e+00
 201.5120000       2.01075e-17       2.01075e-17       0.00000e+00
 201.6410000       2.01281e-17       2.01281e-17       0.00000e+00
 201.7690000       2.00868e-17       2.00868e-17       0.00000e+00
 201.8980000       2.00040e-17       2.00040e-17       0.00000e+00
 202.0260000       1.99419e-17       1.99419e-17       0.00000e+00
 202.1550000       1.98384e-17       1.98384e-17       0.00000e+00
 202.2830000       1.96729e-17       1.96729e-17       0.00000e+00
 202.4120000       1.95073e-17       1.95073e-17       0.00000e+00
 202.5400000       1.93625e-17       1.93625e-17       0.00000e+00
 202.6690000       1.91762e-17       1.91762e-17       0.00000e+00
 202.7980000       1.89072e-17       1.89072e-17       0.00000e+00
 202.9260000       1.88037e-17       1.88037e-17       0.00000e+00
 203.0550000       1.83691e-17       1.83691e-17       0.00000e+00
 203.1830000       1.81622e-17       1.81622e-17       0.00000e+00
 203.3120000       1.77690e-17       1.77690e-17       0.00000e+00
 203.4400000       1.73965e-17       1.73965e-17       0.00000e+00
 203.5690000       1.72516e-17       1.72516e-17       0.00000e+00
 203.6970000       1.68791e-17       1.68791e-17       0.00000e+00
 203.8260000       1.66722e-17       1.66722e-17       0.00000e+00
 203.9540000       1.64652e-17       1.64652e-17       0.00000e+00
 204.0830000       1.63618e-17       1.63618e-17       0.00000e+00
 204.2110000       1.63825e-17       1.63825e-17       0.00000e+00
 204.3400000       1.65066e-17       1.65066e-17       0.00000e+00
 204.4680000       1.68998e-17       1.68998e-17       0.00000e+00
 204.5970000       1.69826e-17       1.69826e-17       0.00000e+00
 204.7260000       1.75620e-17       1.75620e-17       0.00000e+00
 204.8540000       1.80504e-17       1.80504e-17       0.00000e+00
 204.9830000       1.84933e-17       1.84933e-17       0.00000e+00
 205.1110000       1.88865e-17       1.88865e-17       0.00000e+00
 205.2400000       1.93004e-17       1.93004e-17       0.00000e+00
 205.3680000       1.95694e-17       1.95694e-17       0.00000e+00
 205.4970000       1.96729e-17       1.96729e-17       0.00000e+00
 205.6250000       1.96522e-17       1.96522e-17       0.00000e+00
 205.7540000       1.95901e-17       1.95901e-17       0.00000e+00
 205.8820000       1.93211e-17       1.93211e-17       0.00000e+00
 206.0110000       1.90313e-17       1.90313e-17       0.00000e+00
 206.1390000       1.87068e-17       1.87068e-17       0.00000e+00
 206.2680000       1.84105e-17       1.84105e-17       0.00000e+00
 206.3960000       1.79966e-17       1.79966e-17       0.00000e+00
 206.5250000       1.78104e-17       1.78104e-17       0.00000e+00
 206.6530000       1.76034e-17       1.76034e-17       0.00000e+00
 206.7820000       1.73965e-17       1.73965e-17       0.00000e+00
 206.9110000       1.72516e-17       1.72516e-17       0.00000e+00
 207.0390000       1.72102e-17       1.72102e-17       0.00000e+00
 207.1680000       1.71275e-17       1.71275e-17       0.00000e+00
 207.2960000       1.69412e-17       1.69412e-17       0.00000e+00
 207.4250000       1.67757e-17       1.67757e-17       0.00000e+00
 207.5530000       1.65894e-17       1.65894e-17       0.00000e+00
 207.6820000       1.62583e-17       1.62583e-17       0.00000e+00
 207.8100000       1.59686e-17       1.59686e-17       0.00000e+00
 207.9390000       1.57203e-17       1.57203e-17       0.00000e+00
 208.0670000       1.54926e-17       1.54926e-17       0.00000e+00
 208.1960000       1.52857e-17       1.52857e-17       0.00000e+00
 208.3240000       1.51822e-17       1.51822e-17       0.00000e+00
 208.4530000       1.50994e-17       1.50994e-17       0.00000e+00
 208.5810000       1.51615e-17       1.51615e-17       0.00000e+00
 208.7100000       1.52236e-17       1.52236e-17       0.00000e+00
 208.8390000       1.52857e-17       1.52857e-17       0.00000e+00
 208.9670000       1.53891e-17       1.53891e-17       0.00000e+00
 209.0960000       1.53891e-17       1.53891e-17       0.00000e+00
 209.2240000       1.52650e-17       1.52650e-17       0.00000e+00
 209.3530000       1.51201e-17       1.51201e-17       0.00000e+00
 209.4810000       1.48304e-17       1.48304e-17       0.00000e+00
 209.6100000       1.47683e-17       1.47683e-17       0.00000e+00
 209.7380000       1.42923e-17       1.42923e-17       0.00000e+00
 209.8670000       1.39405e-17       1.39405e-17       0.00000e+00
 209.9950000       1.37750e-17       1.37750e-17       0.00000e+00
 210.1240000       1.33326e-17       1.33326e-17       0.00000e+00
 210.2520000       1.30300e-17       1.30300e-17       0.00000e+00
 210.3810000       1.26575e-17       1.26575e-17       0.00000e+00
 210.5090000       1.22229e-17       1.22229e-17       0.00000e+00
 210.6380000       1.19125e-17       1.19125e-17       0.00000e+00
 210.7670000       1.15055e-17       1.15055e-17       0.00000e+00
 210.8950000       1.10847e-17       1.10847e-17       0.00000e+00
 211.0240000       1.09502e-17       1.09502e-17       0.00000e+00
 211.1520000       1.07218e-17       1.07218e-17       0.00000e+00
 211.2810000       1.02983e-17       1.02983e-17       0.00000e+00
 211.4090000       1.02569e-17       1.02569e-17       0.00000e+00
 211.5380000       1.01535e-17       1.01535e-17       0.00000e+00
 211.6660000       1.01949e-17       1.01949e-17       0.00000e+00
 211.7950000       1.05053e-17       1.05053e-17       0.00000e+00
 211.9230000       1.06708e-17       1.06708e-17       0.00000e+00
 212.0520000       1.09812e-17       1.09812e-17       0.00000e+00
 212.1800000       1.13124e-17       1.13124e-17       0.00000e+00
 212.3090000       1.15193e-17       1.15193e-17       0.00000e+00
 212.4370000       1.19332e-17       1.19332e-17       0.00000e+00
 212.5660000       1.22022e-17       1.22022e-17       0.00000e+00
 212.6940000       1.23057e-17       1.23057e-17       0.00000e+00
 212.8230000       1.23264e-17       1.23264e-17       0.00000e+00
 212.9520000       1.23264e-17       1.23264e-17       0.00000e+00
 213.0800000       1.21815e-17       1.21815e-17       0.00000e+00
 213.2090000       1.20160e-17       1.20160e-17       0.00000e+00
 213.3370000       1.17469e-17       1.17469e-17       0.00000e+00
 213.4660000       1.14365e-17       1.14365e-17       0.00000e+00
 213.5940000       1.11882e-17       1.11882e-17       0.00000e+00
 213.7230000       1.07950e-17       1.07950e-17       0.00000e+00
 213.8510000       1.05467e-17       1.05467e-17       0.00000e+00
 213.9800000       1.02156e-17       1.02156e-17       0.00000e+00
 214.1080000       1.00500e-17       1.00500e-17       0.00000e+00
 214.2370000       1.00293e-17       1.00293e-17       0.00000e+00
 214.3650000       1.03397e-17       1.03397e-17       0.00000e+00
 214.4940000       1.09812e-17       1.09812e-17       0.00000e+00
 214.6220000       1.14499e-17       1.14499e-17       0.00000e+00
 214.7510000       1.24330e-17       1.24330e-17       0.00000e+00
 214.8800000       1.34329e-17       1.34329e-17       0.00000e+00
 215.0080000       1.50142e-17       1.50142e-17       0.00000e+00
 215.1370000       1.61707e-17       1.61707e-17       0.00000e+00
 215.2650000       1.68160e-17       1.68160e-17       0.00000e+00
 215.3940000       1.83070e-17       1.83070e-17       0.00000e+00
 215.5220000       1.88520e-17       1.88520e-17       0.00000e+00
 215.6510000       1.89660e-17       1.89660e-17       0.00000e+00
 215.7790000       1.94659e-17       1.94659e-17       0.00000e+00
 215.9080000       1.92797e-17       1.92797e-17       0.00000e+00
 216.0360000       1.85554e-17       1.85554e-17       0.00000e+00
 216.1650000       1.76655e-17       1.76655e-17       0.00000e+00
 216.2930000       1.70294e-17       1.70294e-17       0.00000e+00
 216.4220000       1.55360e-17       1.55360e-17       0.00000e+00
 216.5500000       1.45129e-17       1.45129e-17       0.00000e+00
 216.6790000       1.37129e-17       1.37129e-17       0.00000e+00
 216.8080000       1.28357e-17       1.28357e-17       0.00000e+00
 216.9360000       1.23859e-17       1.23859e-17       0.00000e+00
 217.0650000       1.22329e-17       1.22329e-17       0.00000e+00
 217.1930000       1.18504e-17       1.18504e-17       0.00000e+00
 217.3220000       1.15607e-17       1.15607e-17       0.00000e+00
 217.4500000       1.13537e-17       1.13537e-17       0.00000e+00
 217.5790000       1.11468e-17       1.11468e-17       0.00000e+00
 217.7070000       1.09399e-17       1.09399e-17       0.00000e+00
 217.8360000       1.07536e-17       1.07536e-17       0.00000e+00
 217.9640000       1.05881e-17       1.05881e-17       0.00000e+00
 218.0930000       1.03811e-17       1.03811e-17       0.00000e+00
 218.2210000       1.01121e-17       1.01121e-17       0.00000e+00
 218.3500000       9.92583e-18       9.92583e-18       0.00000e+00
 218.4780000       9.84306e-18       9.84306e-18       0.00000e+00
 218.6070000       9.70456e-18       9.70456e-18       0.00000e+00
 218.7350000       9.55334e-18       9.55334e-18       0.00000e+00
 218.8640000       9.51195e-18       9.51195e-18       0.00000e+00
 218.9930000       9.49125e-18       9.49125e-18       0.00000e+00
 219.1210000       9.53264e-18       9.53264e-18       0.00000e+00
 219.2500000       9.55334e-18       9.55334e-18       0.00000e+00
 219.3780000       9.57403e-18       9.57403e-18       0.00000e+00
 219.5070000       9.57403e-18       9.57403e-18       0.00000e+00
 219.6350000       9.57403e-18       9.57403e-18       0.00000e+00
 219.7640000       9.55334e-18       9.55334e-18       0.00000e+00
 219.8920000       9.53264e-18       9.53264e-18       0.00000e+00
 220.0210000       9.44986e-18       9.44986e-18       0.00000e+00
 220.1490000       9.38778e-18       9.38778e-18       0.00000e+00
 220.2780000       9.28431e-18       9.28431e-18       0.00000e+00
 220.4060000       9.13945e-18       9.13945e-18       0.00000e+00
 220.5350000       9.03598e-18       9.03598e-18       0.00000e+00
 220.6630000       8.95320e-18       8.95320e-18       0.00000e+00
 220.7920000       8.80834e-18       8.80834e-18       0.00000e+00
 220.9210000       8.76695e-18       8.76695e-18       0.00000e+00
 221.0490000       8.68417e-18       8.68417e-18       0.00000e+00
 221.1780000       8.56001e-18       8.56001e-18       0.00000e+00
 221.3060000       8.56001e-18       8.56001e-18       0.00000e+00
 221.4350000       8.51862e-18       8.51862e-18       0.00000e+00
 221.5630000       8.49792e-18       8.49792e-18       0.00000e+00
 221.6920000       8.53931e-18       8.53931e-18       0.00000e+00
 221.8200000       8.58070e-18       8.58070e-18       0.00000e+00
 221.9490000       8.60140e-18       8.60140e-18       0.00000e+00
 222.0770000       8.64278e-18       8.64278e-18       0.00000e+00
 222.2060000       8.66348e-18       8.66348e-18       0.00000e+00
 222.3340000       8.66348e-18       8.66348e-18       0.00000e+00
 222.4630000       8.64278e-18       8.64278e-18       0.00000e+00
 222.5910000       8.56001e-18       8.56001e-18       0.00000e+00
 222.7200000       8.49792e-18       8.49792e-18       0.00000e+00
 222.8490000       8.39445e-18       8.39445e-18       0.00000e+00
 222.9770000       8.20820e-18       8.20820e-18       0.00000e+00
 223.1060000       8.12543e-18       8.12543e-18       0.00000e+00
 223.2340000       8.02195e-18       8.02195e-18       0.00000e+00
 223.3630000       7.89779e-18       7.89779e-18       0.00000e+00
 223.4910000       7.85640e-18       7.85640e-18       0.00000e+00
 223.6200000       7.83570e-18       7.83570e-18       0.00000e+00
 223.7480000       7.87709e-18       7.87709e-18       0.00000e+00
 223.8770000       7.98057e-18       7.98057e-18       0.00000e+00
 224.0050000       8.08404e-18       8.08404e-18       0.00000e+00
 224.1340000       8.12543e-18       8.12543e-18       0.00000e+00
 224.2620000       8.16681e-18       8.16681e-18       0.00000e+00
 224.3910000       8.24959e-18       8.24959e-18       0.00000e+00
 224.5190000       8.20820e-18       8.20820e-18       0.00000e+00
 224.6480000       8.12543e-18       8.12543e-18       0.00000e+00
 224.7760000       7.95987e-18       7.95987e-18       0.00000e+00
 224.9050000       7.85640e-18       7.85640e-18       0.00000e+00
 225.0340000       7.64946e-18       7.64946e-18       0.00000e+00
 225.1620000       7.56668e-18       7.56668e-18       0.00000e+00
 225.2910000       7.29765e-18       7.29765e-18       0.00000e+00
 225.4190000       7.00793e-18       7.00793e-18       0.00000e+00
 225.5480000       6.92515e-18       6.92515e-18       0.00000e+00
 225.6760000       6.67682e-18       6.67682e-18       0.00000e+00
 225.8050000       6.44918e-18       6.44918e-18       0.00000e+00
 225.9330000       6.24224e-18       6.24224e-18       0.00000e+00
 226.0620000       6.06086e-18       6.06086e-18       0.00000e+00
 226.1900000       5.91113e-18       5.91113e-18       0.00000e+00
 226.3190000       5.72488e-18       5.72488e-18       0.00000e+00
 226.4470000       5.60071e-18       5.60071e-18       0.00000e+00
 226.5760000       5.51794e-18       5.51794e-18       0.00000e+00
 226.7040000       5.39377e-18       5.39377e-18       0.00000e+00
 226.8330000       5.31099e-18       5.31099e-18       0.00000e+00
 226.9620000       5.26961e-18       5.26961e-18       0.00000e+00
 227.0900000       5.14544e-18       5.14544e-18       0.00000e+00
 227.2190000       5.06266e-18       5.06266e-18       0.00000e+00
 227.3470000       5.02127e-18       5.02127e-18       0.00000e+00
 227.4760000       4.97988e-18       4.97988e-18       0.00000e+00
 227.6040000       4.89711e-18       4.89711e-18       0.00000e+00
 227.7330000       4.87641e-18       4.87641e-18       0.00000e+00
 227.8610000       4.83502e-18       4.83502e-18       0.00000e+00
 227.9900000       4.81433e-18       4.81433e-18       0.00000e+00
 228.1180000       4.79364e-18       4.79364e-18       0.00000e+00
 228.2470000       4.77294e-18       4.77294e-18       0.00000e+00
 228.3750000       4.77294e-18       4.77294e-18       0.00000e+00
 228.5040000       4.77294e-18       4.77294e-18       0.00000e+00
 228.6320000       4.75225e-18       4.75225e-18       0.00000e+00
 228.7610000       4.77294e-18       4.77294e-18       0.00000e+00
 228.8900000       4.77294e-18       4.77294e-18       0.00000e+00
 229.0180000       4.79364e-18       4.79364e-18       0.00000e+00
 229.1470000       4.83502e-18       4.83502e-18       0.00000e+00
 229.2750000       4.85572e-18       4.85572e-18       0.00000e+00
 229.4040000       4.87641e-18       4.87641e-18       0.00000e+00
 229.5320000       4.89711e-18       4.89711e-18       0.00000e+00
 229.6610000       4.93850e-18       4.93850e-18       0.00000e+00
 229.7890000       4.97988e-18       4.97988e-18       0.00000e+00
 229.9180000       5.08336e-18       5.08336e-18       0.00000e+00
 230.0460000       5.14544e-18       5.14544e-18       0.00000e+00
 230.1750000       5.20752e-18       5.20752e-18       0.00000e+00
 230.3030000       5.24891e-18       5.24891e-18       0.00000e+00
 230.4320000       5.33169e-18       5.33169e-18       0.00000e+00
 230.5600000       5.41447e-18       5.41447e-18       0.00000e+00
 230.6890000       5.49724e-18       5.49724e-18       0.00000e+00
 230.8170000       5.53863e-18       5.53863e-18       0.00000e+00
 230.9460000       5.62141e-18       5.62141e-18       0.00000e+00
 231.0750000       5.72488e-18       5.72488e-18       0.00000e+00
 231.2030000       5.74558e-18       5.74558e-18       0.00000e+00
 231.3320000       5.78696e-18       5.78696e-18       0.00000e+00
 231.4600000       5.86974e-18       5.86974e-18       0.00000e+00
 231.5890000       5.99391e-18       5.99391e-18       0.00000e+00
 231.7170000       6.05599e-18       6.05599e-18       0.00000e+00
 231.8460000       6.11807e-18       6.11807e-18       0.00000e+00
 231.9740000       6.20085e-18       6.20085e-18       0.00000e+00
 232.1030000       6.24224e-18       6.24224e-18       0.00000e+00
 232.2310000       6.26293e-18       6.26293e-18       0.00000e+00
 232.3600000       6.32502e-18       6.32502e-18       0.00000e+00
 232.4880000       6.38710e-18       6.38710e-18       0.00000e+00
 232.6170000       6.44918e-18       6.44918e-18       0.00000e+00
 232.7450000       6.51127e-18       6.51127e-18       0.00000e+00
 232.8740000       6.55265e-18       6.55265e-18       0.00000e+00
 233.0030000       6.61474e-18       6.61474e-18       0.00000e+00
 233.1310000       6.65613e-18       6.65613e-18       0.00000e+00
 233.2600000       6.69752e-18       6.69752e-18       0.00000e+00
 233.3880000       6.71821e-18       6.71821e-18       0.00000e+00
 233.5170000       6.78029e-18       6.78029e-18       0.00000e+00
 233.6450000       6.80099e-18       6.80099e-18       0.00000e+00
 233.7740000       6.82168e-18       6.82168e-18       0.00000e+00
 233.9020000       6.86307e-18       6.86307e-18       0.00000e+00
 234.0310000       6.90446e-18       6.90446e-18       0.00000e+00
 234.1590000       6.92515e-18       6.92515e-18       0.00000e+00
 234.2880000       6.96654e-18       6.96654e-18       0.00000e+00
 234.4160000       6.96654e-18       6.96654e-18       0.00000e+00
 234.5450000       7.00793e-18       7.00793e-18       0.00000e+00
 234.6730000       7.00793e-18       7.00793e-18       0.00000e+00
 234.8020000       7.02862e-18       7.02862e-18       0.00000e+00
 234.9310000       7.02862e-18       7.02862e-18       0.00000e+00
 235.0590000       7.04932e-18       7.04932e-18       0.00000e+00
 235.1880000       7.04932e-18       7.04932e-18       0.00000e+00
 235.3160000       7.04932e-18       7.04932e-18       0.00000e+00
 235.4450000       7.04932e-18       7.04932e-18       0.00000e+00
 235.5730000       7.07001e-18       7.07001e-18       0.00000e+00
 235.7020000       7.02862e-18       7.02862e-18       0.00000e+00
 235.8300000       7.04932e-18       7.04932e-18       0.00000e+00
 235.9590000       7.04932e-18       7.04932e-18       0.00000e+00
 236.0870000       7.04932e-18       7.04932e-18       0.00000e+00
 236.2160000       7.02862e-18       7.02862e-18       0.00000e+00
 236.3440000       7.00793e-18       7.00793e-18       0.00000e+00
 236.4730000       7.00793e-18       7.00793e-18       0.00000e+00
 236.6010000       7.00793e-18       7.00793e-18       0.00000e+00
 236.7300000       6.98724e-18       6.98724e-18       0.00000e+00
 236.8580000       6.98724e-18       6.98724e-18       0.00000e+00
 236.9870000       6.94585e-18       6.94585e-18       0.00000e+00
 237.1160000       6.90446e-18       6.90446e-18       0.00000e+00
 237.2440000       6.88376e-18       6.88376e-18       0.00000e+00
 237.3730000       6.84238e-18       6.84238e-18       0.00000e+00
 237.5010000       6.84238e-18       6.84238e-18       0.00000e+00
 237.6300000       6.82168e-18       6.82168e-18       0.00000e+00
 237.7580000       6.80099e-18       6.80099e-18       0.00000e+00
 237.8870000       6.78029e-18       6.78029e-18       0.00000e+00
 238.0150000       6.75960e-18       6.75960e-18       0.00000e+00
 238.1440000       6.73890e-18       6.73890e-18       0.00000e+00
 238.2720000       6.71821e-18       6.71821e-18       0.00000e+00
 238.4010000       6.71821e-18       6.71821e-18       0.00000e+00
 238.5290000       6.69752e-18       6.69752e-18       0.00000e+00
 238.6580000       6.69752e-18       6.69752e-18       0.00000e+00
 238.7860000       6.69752e-18       6.69752e-18       0.00000e+00
 238.9150000       6.69752e-18       6.69752e-18       0.00000e+00
 239.0440000       6.69752e-18       6.69752e-18       0.00000e+00
 239.1720000       6.69752e-18       6.69752e-18       0.00000e+00
 239.3010000       6.71821e-18       6.71821e-18       0.00000e+00
 239.4290000       6.73890e-18       6.73890e-18       0.00000e+00
 239.5580000       6.75960e-18       6.75960e-18       0.00000e+00
 239.6860000       6.82168e-18       6.82168e-18       0.00000e+00
 239.8150000       6.88376e-18       6.88376e-18       0.00000e+00
 239.9430000       6.92515e-18       6.92515e-18       0.00000e+00
 240.0720000       6.98724e-18       6.98724e-18       0.00000e+00
 240.2000000       7.07001e-18       7.07001e-18       0.00000e+00
 240.3290000       7.15279e-18       7.15279e-18       0.00000e+00
 240.4570000       7.23557e-18       7.23557e-18       0.00000e+00
 240.5860000       7.31835e-18       7.31835e-18       0.00000e+00
 240.7140000       7.38043e-18       7.38043e-18       0.00000e+00
 240.8430000       7.50459e-18       7.50459e-18       0.00000e+00
 240.9720000       7.56668e-18       7.56668e-18       0.00000e+00
 241.1000000       7.60807e-18       7.60807e-18       0.00000e+00
 241.2290000       7.69084e-18       7.69084e-18       0.00000e+00
 241.3570000       7.81501e-18       7.81501e-18       0.00000e+00
 241.4860000       7.91848e-18       7.91848e-18       0.00000e+00
 241.6140000       8.00126e-18       8.00126e-18       0.00000e+00
 241.7430000       8.06334e-18       8.06334e-18       0.00000e+00
 241.8710000       8.14612e-18       8.14612e-18       0.00000e+00
 242.0000000       8.20820e-18       8.20820e-18       0.00000e+00
 242.1280000       8.24959e-18       8.24959e-18       0.00000e+00
 242.2570000       8.33237e-18       8.33237e-18       0.00000e+00
 242.3850000       8.37376e-18       8.37376e-18       0.00000e+00
 242.5140000       8.39445e-18       8.39445e-18       0.00000e+00
 242.6420000       8.43584e-18       8.43584e-18       0.00000e+00
 242.7710000       8.47723e-18       8.47723e-18       0.00000e+00
 242.9000000       8.53931e-18       8.53931e-18       0.00000e+00
 243.0280000       8.56001e-18       8.56001e-18       0.00000e+00
 243.1570000       8.58070e-18       8.58070e-18       0.00000e+00
 243.2850000       8.62209e-18       8.62209e-18       0.00000e+00
 243.4140000       8.66348e-18       8.66348e-18       0.00000e+00
 243.5420000       8.66348e-18       8.66348e-18       0.00000e+00
 243.6710000       8.68417e-18       8.68417e-18       0.00000e+00
 243.7990000       8.72556e-18       8.72556e-18       0.00000e+00
 243.9280000       8.72556e-18       8.72556e-18       0.00000e+00
 244.0560000       8.74626e-18       8.74626e-18       0.00000e+00
 244.1850000       8.76695e-18       8.76695e-18       0.00000e+00
 244.3130000       8.76695e-18       8.76695e-18       0.00000e+00
 244.4420000       8.76695e-18       8.76695e-18       0.00000e+00
 244.5700000       8.76695e-18       8.76695e-18       0.00000e+00
 244.6990000       8.76695e-18       8.76695e-18       0.00000e+00
 244.8270000       8.76695e-18       8.76695e-18       0.00000e+00
 244.9560000       8.76695e-18       8.76695e-18       0.00000e+00
 245.0850000       8.76695e-18       8.76695e-18       0.00000e+00
 245.2130000       8.76695e-18       8.76695e-18       0.00000e+00
 245.3420000       8.76695e-18       8.76695e-18       0.00000e+00
 245.4700000       8.72556e-18       8.72556e-18       0.00000e+00
 245.5990000       8.72556e-18       8.72556e-18       0.00000e+00
 245.7270000       8.70487e-18       8.70487e-18       0.00000e+00
 245.8560000       8.66348e-18       8.66348e-18       0.00000e+00
 245.9840000       8.66348e-18       8.66348e-18       0.00000e+00
 246.1130000       8.66348e-18       8.66348e-18       0.00000e+00
 246.2410000       8.64278e-18       8.64278e-18       0.00000e+00
 246.3700000       8.62209e-18       8.62209e-18       0.00000e+00
 246.4980000       8.58070e-18       8.58070e-18       0.00000e+00
 246.6270000       8.56001e-18       8.56001e-18       0.00000e+00
 246.7550000       8.53931e-18       8.53931e-18       0.00000e+00
 246.8840000       8.53931e-18       8.53931e-18       0.00000e+00
 247.0130000       8.49792e-18       8.49792e-18       0.00000e+00
 247.1410000       8.47723e-18       8.47723e-18       0.00000e+00
 247.2700000       8.45654e-18       8.45654e-18       0.00000e+00
 247.3980000       8.41515e-18       8.41515e-18       0.00000e+00
 247.5270000       8.37376e-18       8.37376e-18       0.00000e+00
 247.6550000       8.35306e-18       8.35306e-18       0.00000e+00
 247.7840000       8.31167e-18       8.31167e-18       0.00000e+00
 247.9120000       8.27029e-18       8.27029e-18       0.00000e+00
 248.0410000       8.22890e-18       8.22890e-18       0.00000e+00
 248.1690000       8.18751e-18       8.18751e-18       0.00000e+00
 248.2980000       8.14612e-18       8.14612e-18       0.00000e+00
 248.4260000       8.10473e-18       8.10473e-18       0.00000e+00
 248.5550000       8.04265e-18       8.04265e-18       0.00000e+00
 248.6830000       8.00126e-18       8.00126e-18       0.00000e+00
 248.8120000       7.93918e-18       7.93918e-18       0.00000e+00
 248.9410000       7.87709e-18       7.87709e-18       0.00000e+00
 249.0690000       7.83570e-18       7.83570e-18       0.00000e+00
 249.1980000       7.79432e-18       7.79432e-18       0.00000e+00
 249.3260000       7.71154e-18       7.71154e-18       0.00000e+00
 249.4550000       7.62876e-18       7.62876e-18       0.00000e+00
 249.5830000       7.60807e-18       7.60807e-18       0.00000e+00
 249.7120000       7.56668e-18       7.56668e-18       0.00000e+00
 249.8400000       7.50459e-18       7.50459e-18       0.00000e+00
 249.9690000       7.42182e-18       7.42182e-18       0.00000e+00
 250.0970000       7.33904e-18       7.33904e-18       0.00000e+00
 250.2260000       7.23557e-18       7.23557e-18       0.00000e+00
 250.3540000       7.19418e-18       7.19418e-18       0.00000e+00
 250.4830000       7.11140e-18       7.11140e-18       0.00000e+00
 250.6110000       7.09071e-18       7.09071e-18       0.00000e+00
 250.7400000       7.00793e-18       7.00793e-18       0.00000e+00
 250.8680000       6.92515e-18       6.92515e-18       0.00000e+00
 250.9970000       6.86307e-18       6.86307e-18       0.00000e+00
 251.1260000       6.75960e-18       6.75960e-18       0.00000e+00
 251.2540000       6.71821e-18       6.71821e-18       0.00000e+00
 251.3830000       6.63543e-18       6.63543e-18       0.00000e+00
 251.5110000       6.55265e-18       6.55265e-18       0.00000e+00
 251.6400000       6.44918e-18       6.44918e-18       0.00000e+00
 251.7680000       6.38710e-18       6.38710e-18       0.00000e+00
 251.8970000       6.30432e-18       6.30432e-18       0.00000e+00
 252.0250000       6.22155e-18       6.22155e-18       0.00000e+00
 252.1540000       6.13877e-18       6.13877e-18       0.00000e+00
 252.2820000       6.09738e-18       6.09738e-18       0.00000e+00
 252.4110000       6.01460e-18       6.01460e-18       0.00000e+00
 252.5390000       5.91113e-18       5.91113e-18       0.00000e+00
 252.6680000       5.86974e-18       5.86974e-18       0.00000e+00
 252.7960000       5.78696e-18       5.78696e-18       0.00000e+00
 252.9250000       5.72488e-18       5.72488e-18       0.00000e+00
 253.0540000       5.66280e-18       5.66280e-18       0.00000e+00
 253.1820000       5.60071e-18       5.60071e-18       0.00000e+00
 253.3110000       5.53863e-18       5.53863e-18       0.00000e+00
 253.4390000       5.45585e-18       5.45585e-18       0.00000e+00
 253.5680000       5.37308e-18       5.37308e-18       0.00000e+00
 253.6960000       5.31099e-18       5.31099e-18       0.00000e+00
 253.8250000       5.29030e-18       5.29030e-18       0.00000e+00
 253.9530000       5.20752e-18       5.20752e-18       0.00000e+00
 254.0820000       5.10405e-18       5.10405e-18       0.00000e+00
 254.2100000       5.06266e-18       5.06266e-18       0.00000e+00
 254.3390000       4.97988e-18       4.97988e-18       0.00000e+00
 254.4670000       4.89711e-18       4.89711e-18       0.00000e+00
 254.5960000       4.81433e-18       4.81433e-18       0.00000e+00
 254.7240000       4.77294e-18       4.77294e-18       0.00000e+00
 254.8530000       4.75225e-18       4.75225e-18       0.00000e+00
 254.9820000       4.64877e-18       4.64877e-18       0.00000e+00
 255.1100000       4.56600e-18       4.56600e-18       0.00000e+00
 255.2390000       4.50391e-18       4.50391e-18       0.00000e+00
 255.3670000       4.44183e-18       4.44183e-18       0.00000e+00
 255.4960000       4.37975e-18       4.37975e-18       0.00000e+00
 255.6240000       4.29697e-18       4.29697e-18       0.00000e+00
 255.7530000       4.19350e-18       4.19350e-18       0.00000e+00
 255.8810000       4.15211e-18       4.15211e-18       0.00000e+00
 256.0100000       4.04864e-18       4.04864e-18       0.00000e+00
 256.1380000       3.96586e-18       3.96586e-18       0.00000e+00
 256.2670000       3.92447e-18       3.92447e-18       0.00000e+00
 256.3950000       3.88308e-18       3.88308e-18       0.00000e+00
 256.5240000       3.80031e-18       3.80031e-18       0.00000e+00
 256.6520000       3.71753e-18       3.71753e-18       0.00000e+00
 256.7810000       3.67614e-18       3.67614e-18       0.00000e+00
 256.9090000       3.61406e-18       3.61406e-18       0.00000e+00
 257.0380000       3.53128e-18       3.53128e-18       0.00000e+00
 257.1670000       3.44850e-18       3.44850e-18       0.00000e+00
 257.2950000       3.38642e-18       3.38642e-18       0.00000e+00
 257.4240000       3.30364e-18       3.30364e-18       0.00000e+00
 257.5520000       3.22086e-18       3.22086e-18       0.00000e+00
 257.6810000       3.13809e-18       3.13809e-18       0.00000e+00
 257.8090000       3.07600e-18       3.07600e-18       0.00000e+00
 257.9380000       3.03462e-18       3.03462e-18       0.00000e+00
 258.0660000       2.99323e-18       2.99323e-18       0.00000e+00
 258.1950000       2.91045e-18       2.91045e-18       0.00000e+00
 258.3230000       2.82767e-18       2.82767e-18       0.00000e+00
 258.4520000       2.78628e-18       2.78628e-18       0.00000e+00
 258.5800000       2.68281e-18       2.68281e-18       0.00000e+00
 258.7090000       2.62073e-18       2.62073e-18       0.00000e+00
 258.8370000       2.55865e-18       2.55865e-18       0.00000e+00
 258.9660000       2.49656e-18       2.49656e-18       0.00000e+00
 259.0950000       2.47587e-18       2.47587e-18       0.00000e+00
 259.2230000       2.39309e-18       2.39309e-18       0.00000e+00
 259.3520000       2.31031e-18       2.31031e-18       0.00000e+00
 259.4800000       2.26892e-18       2.26892e-18       0.00000e+00
 259.6090000       2.20684e-18       2.20684e-18       0.00000e+00
 259.7370000       2.16545e-18       2.16545e-18       0.00000e+00
 259.8660000       2.14476e-18       2.14476e-18       0.00000e+00
 259.9940000       2.12406e-18       2.12406e-18       0.00000e+00
 260.0000000       5.00000e-20       5.00000e-20       0.00000e+00
 261.0000000       5.00000e-20       5.00000e-20       0.00000e+00
