# [b'Cross sections for C2H\nConverted from earlier Leiden database cross sections by Helgi Rafn Hr\xc3\xb3\xc3\xb0marsson 2022-11-16\nPhotodissociation source: C2H van Hemert & van Dishoeck 2007\rPhotoionization source: Gans et al. (2017)\nLines represented with gaussian of width 1.0 nm FWHM\nwavelength: (nm)\nphotoabsorption:    cross section (cm2)\nphotodissociation:  cross section (cm2)']
# 
# wavelength   photoabsorption photodissociation   photoionisation
  90.0000000       4.83244e-17       0.00000e+00       4.83244e-17
  90.1000000       4.83244e-17       0.00000e+00       4.83244e-17
  90.2000000       4.83244e-17       0.00000e+00       4.83244e-17
  90.3000000       4.83244e-17       0.00000e+00       4.83244e-17
  90.4000000       4.83244e-17       0.00000e+00       4.83244e-17
  90.5000000       4.83244e-17       0.00000e+00       4.83244e-17
  90.6000000       4.83244e-17       0.00000e+00       4.83244e-17
  90.7000000       4.83244e-17       0.00000e+00       4.83244e-17
  90.8000000       4.83244e-17       0.00000e+00       4.83244e-17
  90.9000000       4.83244e-17       0.00000e+00       4.83244e-17
  91.0000000       4.83244e-17       0.00000e+00       4.83244e-17
  91.1000000       4.83244e-17       0.00000e+00       4.83244e-17
  91.2000000       4.83244e-17       0.00000e+00       4.83244e-17
  91.3000000       4.83244e-17       0.00000e+00       4.83244e-17
  91.4000000       4.83244e-17       0.00000e+00       4.83244e-17
  91.5000000       4.83244e-17       0.00000e+00       4.83244e-17
  91.6000000       4.83244e-17       0.00000e+00       4.83244e-17
  91.7000000       4.83244e-17       0.00000e+00       4.83244e-17
  91.8000000       4.83244e-17       0.00000e+00       4.83244e-17
  91.9000000       4.83244e-17       0.00000e+00       4.83244e-17
  92.0000000       4.83244e-17       0.00000e+00       4.83244e-17
  92.1000000       4.83244e-17       0.00000e+00       4.83244e-17
  92.2000000       4.83244e-17       0.00000e+00       4.83244e-17
  92.3000000       4.83244e-17       0.00000e+00       4.83244e-17
  92.4000000       4.83244e-17       0.00000e+00       4.83244e-17
  92.5000000       4.83244e-17       0.00000e+00       4.83244e-17
  92.6000000       4.83244e-17       0.00000e+00       4.83244e-17
  92.7000000       4.83244e-17       0.00000e+00       4.83244e-17
  92.8000000       4.83244e-17       0.00000e+00       4.83244e-17
  92.9000000       4.83244e-17       0.00000e+00       4.83244e-17
  93.0000000       4.83244e-17       0.00000e+00       4.83244e-17
  93.1000000       4.83244e-17       0.00000e+00       4.83244e-17
  93.2000000       4.83244e-17       0.00000e+00       4.83244e-17
  93.3000000       4.83244e-17       0.00000e+00       4.83244e-17
  93.4000000       4.83244e-17       0.00000e+00       4.83244e-17
  93.5000000       4.83244e-17       0.00000e+00       4.83244e-17
  93.6000000       4.83244e-17       0.00000e+00       4.83244e-17
  93.7000000       4.83244e-17       0.00000e+00       4.83244e-17
  93.8000000       4.83244e-17       0.00000e+00       4.83244e-17
  93.9000000       4.83244e-17       0.00000e+00       4.83244e-17
  94.0000000       4.83244e-17       0.00000e+00       4.83244e-17
  94.1000000       4.83244e-17       0.00000e+00       4.83244e-17
  94.2000000       4.83244e-17       0.00000e+00       4.83244e-17
  94.3000000       4.83244e-17       0.00000e+00       4.83244e-17
  94.4000000       4.83244e-17       0.00000e+00       4.83244e-17
  94.5000000       4.83244e-17       0.00000e+00       4.83244e-17
  94.6000000       4.83244e-17       0.00000e+00       4.83244e-17
  94.7000000       4.83244e-17       0.00000e+00       4.83244e-17
  94.8000000       4.83244e-17       0.00000e+00       4.83244e-17
  94.9000000       4.83244e-17       0.00000e+00       4.83244e-17
  95.0000000       4.83244e-17       0.00000e+00       4.83244e-17
  95.1000000       4.83244e-17       0.00000e+00       4.83244e-17
  95.2000000       4.83244e-17       0.00000e+00       4.83244e-17
  95.3000000       4.83244e-17       0.00000e+00       4.83244e-17
  95.4000000       4.83244e-17       0.00000e+00       4.83244e-17
  95.5000000       4.83244e-17       0.00000e+00       4.83244e-17
  95.6000000       4.83244e-17       0.00000e+00       4.83244e-17
  95.7000000       4.83244e-17       0.00000e+00       4.83244e-17
  95.8000000       4.83244e-17       0.00000e+00       4.83244e-17
  95.9000000       4.83244e-17       0.00000e+00       4.83244e-17
  96.0000000       4.83244e-17       0.00000e+00       4.83244e-17
  96.1000000       4.83244e-17       0.00000e+00       4.83244e-17
  96.2000000       4.83244e-17       0.00000e+00       4.83244e-17
  96.3000000       4.83244e-17       0.00000e+00       4.83244e-17
  96.4000000       4.83244e-17       0.00000e+00       4.83244e-17
  96.5000000       4.83244e-17       0.00000e+00       4.83244e-17
  96.6000000       4.83244e-17       0.00000e+00       4.83244e-17
  96.7000000       4.83244e-17       0.00000e+00       4.83244e-17
  96.8000000       4.83244e-17       0.00000e+00       4.83244e-17
  96.9000000       4.83244e-17       0.00000e+00       4.83244e-17
  97.0000000       4.83244e-17       0.00000e+00       4.83244e-17
  97.1000000       4.83244e-17       0.00000e+00       4.83244e-17
  97.2000000       4.83244e-17       0.00000e+00       4.83244e-17
  97.3000000       4.83244e-17       0.00000e+00       4.83244e-17
  97.4000000       4.83244e-17       0.00000e+00       4.83244e-17
  97.5000000       4.83244e-17       0.00000e+00       4.83244e-17
  97.6000000       4.83244e-17       0.00000e+00       4.83244e-17
  97.7000000       4.83244e-17       0.00000e+00       4.83244e-17
  97.8000000       4.83244e-17       0.00000e+00       4.83244e-17
  97.9000000       4.83244e-17       0.00000e+00       4.83244e-17
  98.0000000       4.83244e-17       0.00000e+00       4.83244e-17
  98.1000000       4.83244e-17       0.00000e+00       4.83244e-17
  98.2000000       4.83244e-17       0.00000e+00       4.83244e-17
  98.3000000       4.83244e-17       0.00000e+00       4.83244e-17
  98.4000000       4.83244e-17       0.00000e+00       4.83244e-17
  98.5000000       4.83244e-17       0.00000e+00       4.83244e-17
  98.6000000       4.83244e-17       0.00000e+00       4.83244e-17
  98.7000000       4.83244e-17       0.00000e+00       4.83244e-17
  98.8000000       4.83244e-17       0.00000e+00       4.83244e-17
  98.9000000       4.83244e-17       0.00000e+00       4.83244e-17
  99.0000000       4.83244e-17       0.00000e+00       4.83244e-17
  99.1000000       4.83244e-17       0.00000e+00       4.83244e-17
  99.2000000       4.83244e-17       0.00000e+00       4.83244e-17
  99.3000000       4.83244e-17       0.00000e+00       4.83244e-17
  99.4000000       4.83244e-17       0.00000e+00       4.83244e-17
  99.5000000       4.83244e-17       0.00000e+00       4.83244e-17
  99.6000000       4.83244e-17       0.00000e+00       4.83244e-17
  99.7000000       4.83244e-17       0.00000e+00       4.83244e-17
  99.8000000       4.83244e-17       0.00000e+00       4.83244e-17
  99.9000000       4.83244e-17       0.00000e+00       4.83244e-17
 100.0000000       4.83244e-17       0.00000e+00       4.83244e-17
 100.1000000       4.83244e-17       0.00000e+00       4.83244e-17
 100.2000000       4.83244e-17       0.00000e+00       4.83244e-17
 100.3000000       4.83244e-17       0.00000e+00       4.83244e-17
 100.4000000       4.83244e-17       0.00000e+00       4.83244e-17
 100.5000000       4.83244e-17       0.00000e+00       4.83244e-17
 100.6000000       4.83244e-17       0.00000e+00       4.83244e-17
 100.7000000       4.83244e-17       0.00000e+00       4.83244e-17
 100.8000000       4.83244e-17       0.00000e+00       4.83244e-17
 100.9000000       4.83244e-17       0.00000e+00       4.83244e-17
 101.0000000       4.83244e-17       0.00000e+00       4.83244e-17
 101.1000000       4.83244e-17       0.00000e+00       4.83244e-17
 101.2000000       4.83244e-17       0.00000e+00       4.83244e-17
 101.3000000       4.83244e-17       0.00000e+00       4.83244e-17
 101.4000000       4.83244e-17       0.00000e+00       4.83244e-17
 101.5000000       4.83244e-17       0.00000e+00       4.83244e-17
 101.6000000       4.83244e-17       0.00000e+00       4.83244e-17
 101.7000000       4.83244e-17       0.00000e+00       4.83244e-17
 101.8000000       4.83244e-17       0.00000e+00       4.83244e-17
 101.9000000       4.83244e-17       0.00000e+00       4.83244e-17
 102.0000000       4.83244e-17       0.00000e+00       4.83244e-17
 102.1000000       4.83244e-17       0.00000e+00       4.83244e-17
 102.2000000       4.83244e-17       0.00000e+00       4.83244e-17
 102.3000000       4.83244e-17       0.00000e+00       4.83244e-17
 102.4000000       4.83244e-17       0.00000e+00       4.83244e-17
 102.5000000       4.83244e-17       0.00000e+00       4.83244e-17
 102.6000000       4.83244e-17       0.00000e+00       4.83244e-17
 102.7000000       4.83244e-17       0.00000e+00       4.83244e-17
 102.8000000       4.83244e-17       0.00000e+00       4.83244e-17
 102.9000000       4.83244e-17       0.00000e+00       4.83244e-17
 103.0000000       4.83244e-17       0.00000e+00       4.83244e-17
 103.1000000       4.80904e-17       0.00000e+00       4.80904e-17
 103.2000000       4.78564e-17       0.00000e+00       4.78564e-17
 103.3000000       4.76224e-17       0.00000e+00       4.76224e-17
 103.4000000       4.59984e-17       0.00000e+00       4.59984e-17
 103.5000000       4.51749e-17       0.00000e+00       4.51749e-17
 103.6000000       3.80897e-17       0.00000e+00       3.80897e-17
 103.7000000       4.57757e-17       0.00000e+00       4.57757e-17
 103.8000000       4.82205e-17       0.00000e+00       4.82205e-17
 103.9000000       4.68729e-17       0.00000e+00       4.68729e-17
 104.0000000       4.58398e-17       0.00000e+00       4.58398e-17
 104.1000000       4.39207e-17       0.00000e+00       4.39207e-17
 104.2000000       4.33479e-17       0.00000e+00       4.33479e-17
 104.3000000       4.03543e-17       0.00000e+00       4.03543e-17
 104.4000000       4.24123e-17       0.00000e+00       4.24123e-17
 104.5000000       4.21526e-17       0.00000e+00       4.21526e-17
 104.6000000       4.40285e-17       0.00000e+00       4.40285e-17
 104.7000000       3.80680e-17       0.00000e+00       3.80680e-17
 104.8000000       3.38624e-17       0.00000e+00       3.38624e-17
 104.9000000       3.15723e-17       0.00000e+00       3.15723e-17
 105.0000000       3.03847e-17       0.00000e+00       3.03847e-17
 105.1000000       3.33473e-17       0.00000e+00       3.33473e-17
 105.2000000       3.29216e-17       0.00000e+00       3.29216e-17
 105.3000000       2.86064e-17       0.00000e+00       2.86064e-17
 105.4000000       2.99848e-17       0.00000e+00       2.99848e-17
 105.5000000       3.46065e-17       0.00000e+00       3.46065e-17
 105.6000000       3.13756e-17       0.00000e+00       3.13756e-17
 105.7000000       2.67381e-17       0.00000e+00       2.67381e-17
 105.8000000       2.39804e-17       0.00000e+00       2.39804e-17
 105.9000000       2.03469e-17       0.00000e+00       2.03469e-17
 106.0000000       1.57946e-17       0.00000e+00       1.57946e-17
 106.1000000       2.24905e-17       0.00000e+00       2.24905e-17
 106.2000000       2.59128e-17       0.00000e+00       2.59128e-17
 106.3000000       2.26682e-17       0.00000e+00       2.26682e-17
 106.4000000       1.69189e-17       0.00000e+00       1.69189e-17
 106.5000000       8.14102e-18       0.00000e+00       8.14102e-18
 106.6000000       5.10250e-18       0.00000e+00       5.10250e-18
 106.7000000       8.20301e-18       0.00000e+00       8.20301e-18
 106.8000000       5.50735e-18       0.00000e+00       5.50735e-18
 106.9000000       2.47821e-19       0.00000e+00       2.47821e-19
 107.0000000       0.00000e+00       0.00000e+00       0.00000e+00
 107.1000000       0.00000e+00       0.00000e+00       0.00000e+00
 107.2000000       0.00000e+00       0.00000e+00       0.00000e+00
 107.3000000       0.00000e+00       0.00000e+00       0.00000e+00
 107.4000000       0.00000e+00       0.00000e+00       0.00000e+00
 107.5000000       0.00000e+00       0.00000e+00       0.00000e+00
 107.6000000       0.00000e+00       0.00000e+00       0.00000e+00
 107.7000000       0.00000e+00       0.00000e+00       0.00000e+00
 107.8000000       0.00000e+00       0.00000e+00       0.00000e+00
 107.9000000       0.00000e+00       0.00000e+00       0.00000e+00
 108.0000000       0.00000e+00       0.00000e+00       0.00000e+00
 108.1000000       0.00000e+00       0.00000e+00       0.00000e+00
 108.2000000       0.00000e+00       0.00000e+00       0.00000e+00
 108.3000000       0.00000e+00       0.00000e+00       0.00000e+00
 108.4000000       0.00000e+00       0.00000e+00       0.00000e+00
 108.5000000       0.00000e+00       0.00000e+00       0.00000e+00
 108.6000000       0.00000e+00       0.00000e+00       0.00000e+00
 108.7000000       0.00000e+00       0.00000e+00       0.00000e+00
 108.8000000       0.00000e+00       0.00000e+00       0.00000e+00
 108.9000000       0.00000e+00       0.00000e+00       0.00000e+00
 109.0000000       0.00000e+00       0.00000e+00       0.00000e+00
 109.1000000       0.00000e+00       0.00000e+00       0.00000e+00
 109.2000000       0.00000e+00       0.00000e+00       0.00000e+00
 109.3000000       0.00000e+00       0.00000e+00       0.00000e+00
 109.4000000       0.00000e+00       0.00000e+00       0.00000e+00
 109.5000000       0.00000e+00       0.00000e+00       0.00000e+00
 109.6000000       0.00000e+00       0.00000e+00       0.00000e+00
 109.7000000       0.00000e+00       0.00000e+00       0.00000e+00
 109.8000000       0.00000e+00       0.00000e+00       0.00000e+00
 109.9000000       0.00000e+00       0.00000e+00       0.00000e+00
 110.0000000       0.00000e+00       0.00000e+00       0.00000e+00
 110.1000000       0.00000e+00       0.00000e+00       0.00000e+00
 110.2000000       0.00000e+00       0.00000e+00       0.00000e+00
 110.3000000       0.00000e+00       0.00000e+00       0.00000e+00
 110.4000000       0.00000e+00       0.00000e+00       0.00000e+00
 110.5000000       0.00000e+00       0.00000e+00       0.00000e+00
 110.6000000       0.00000e+00       0.00000e+00       0.00000e+00
 110.7000000       0.00000e+00       0.00000e+00       0.00000e+00
 110.8000000       0.00000e+00       0.00000e+00       0.00000e+00
 110.9000000       0.00000e+00       0.00000e+00       0.00000e+00
 111.0000000       0.00000e+00       0.00000e+00       0.00000e+00
 111.1000000       0.00000e+00       0.00000e+00       0.00000e+00
 111.2000000       0.00000e+00       0.00000e+00       0.00000e+00
 111.3000000       0.00000e+00       0.00000e+00       0.00000e+00
 111.4000000       0.00000e+00       0.00000e+00       0.00000e+00
 111.5000000       0.00000e+00       0.00000e+00       0.00000e+00
 111.6000000       0.00000e+00       0.00000e+00       0.00000e+00
 111.7000000       0.00000e+00       0.00000e+00       0.00000e+00
 111.8000000       0.00000e+00       0.00000e+00       0.00000e+00
 111.9000000       0.00000e+00       0.00000e+00       0.00000e+00
 112.0000000       0.00000e+00       0.00000e+00       0.00000e+00
 112.1000000       0.00000e+00       0.00000e+00       0.00000e+00
 112.2000000       0.00000e+00       0.00000e+00       0.00000e+00
 112.3000000       0.00000e+00       0.00000e+00       0.00000e+00
 112.4000000       0.00000e+00       0.00000e+00       0.00000e+00
 112.5000000       0.00000e+00       0.00000e+00       0.00000e+00
 112.6000000       0.00000e+00       0.00000e+00       0.00000e+00
 112.7000000       0.00000e+00       0.00000e+00       0.00000e+00
 112.8000000       0.00000e+00       0.00000e+00       0.00000e+00
 112.9000000       0.00000e+00       0.00000e+00       0.00000e+00
 116.9200000       0.00000e+00       0.00000e+00       0.00000e+00
 117.0200000       8.01098e-28       8.01098e-28       0.00000e+00
 117.1200000       4.11260e-27       4.11260e-27       0.00000e+00
 117.2200000       1.99740e-26       1.99740e-26       0.00000e+00
 117.3200000       9.17763e-26       9.17763e-26       0.00000e+00
 117.4200000       3.98946e-25       3.98946e-25       0.00000e+00
 117.5200000       1.64065e-24       1.64065e-24       0.00000e+00
 117.6200000       6.38314e-24       6.38314e-24       0.00000e+00
 117.7200000       2.34947e-23       2.34947e-23       0.00000e+00
 117.8200000       8.18134e-23       8.18134e-23       0.00000e+00
 117.9200000       2.69523e-22       2.69523e-22       0.00000e+00
 118.0200000       8.40012e-22       8.40012e-22       0.00000e+00
 118.1200000       2.47681e-21       2.47681e-21       0.00000e+00
 118.2200000       6.90902e-21       6.90902e-21       0.00000e+00
 118.3200000       1.82330e-20       1.82330e-20       0.00000e+00
 118.4200000       4.55217e-20       4.55217e-20       0.00000e+00
 118.5200000       1.07522e-19       1.07522e-19       0.00000e+00
 118.6200000       2.40265e-19       2.40265e-19       0.00000e+00
 118.7200000       5.07929e-19       5.07929e-19       0.00000e+00
 118.8200000       1.01586e-18       1.01586e-18       0.00000e+00
 118.9200000       1.92212e-18       1.92212e-18       0.00000e+00
 119.0200000       3.44069e-18       3.44069e-18       0.00000e+00
 119.1200000       5.82677e-18       5.82677e-18       0.00000e+00
 119.2200000       9.33531e-18       9.33531e-18       0.00000e+00
 119.3200000       1.41497e-17       1.41497e-17       0.00000e+00
 119.4200000       2.02900e-17       2.02900e-17       0.00000e+00
 119.5200000       2.75255e-17       2.75255e-17       0.00000e+00
 119.6200000       3.53270e-17       3.53270e-17       0.00000e+00
 119.7200000       4.28938e-17       4.28938e-17       0.00000e+00
 119.8200000       4.92720e-17       4.92720e-17       0.00000e+00
 119.9200000       5.35457e-17       5.35457e-17       0.00000e+00
 120.0200000       5.50510e-17       5.50510e-17       0.00000e+00
 120.1200000       5.35457e-17       5.35457e-17       0.00000e+00
 120.2200000       4.92720e-17       4.92720e-17       0.00000e+00
 120.3200000       4.28938e-17       4.28938e-17       0.00000e+00
 120.4200000       3.53270e-17       3.53270e-17       0.00000e+00
 120.5200000       2.75256e-17       2.75256e-17       0.00000e+00
 120.6200000       2.02903e-17       2.02903e-17       0.00000e+00
 120.7200000       1.41505e-17       1.41505e-17       0.00000e+00
 120.8200000       9.33804e-18       9.33804e-18       0.00000e+00
 120.9200000       5.83510e-18       5.83510e-18       0.00000e+00
 121.0200000       3.46469e-18       3.46469e-18       0.00000e+00
 121.1200000       1.98761e-18       1.98761e-18       0.00000e+00
 121.2200000       1.18492e-18       1.18492e-18       0.00000e+00
 121.3200000       9.20854e-19       9.20854e-19       0.00000e+00
 121.4200000       1.19443e-18       1.19443e-18       0.00000e+00
 121.5200000       2.19355e-18       2.19355e-18       0.00000e+00
 121.6200000       4.36035e-18       4.36035e-18       0.00000e+00
 121.7200000       8.46251e-18       8.46251e-18       0.00000e+00
 121.8200000       1.56429e-17       1.56429e-17       0.00000e+00
 121.9200000       2.73967e-17       2.73967e-17       0.00000e+00
 122.0200000       4.54140e-17       4.54140e-17       0.00000e+00
 122.1200000       7.12372e-17       7.12372e-17       0.00000e+00
 122.2200000       1.05743e-16       1.05743e-16       0.00000e+00
 122.3200000       1.48538e-16       1.48538e-16       0.00000e+00
 122.4200000       1.97469e-16       1.97469e-16       0.00000e+00
 122.5200000       2.48467e-16       2.48467e-16       0.00000e+00
 122.6200000       2.95928e-16       2.95928e-16       0.00000e+00
 122.7200000       3.33662e-16       3.33662e-16       0.00000e+00
 122.8200000       3.56201e-16       3.56201e-16       0.00000e+00
 122.9200000       3.60108e-16       3.60108e-16       0.00000e+00
 123.0200000       3.44850e-16       3.44850e-16       0.00000e+00
 123.1200000       3.12925e-16       3.12925e-16       0.00000e+00
 123.2200000       2.69218e-16       2.69218e-16       0.00000e+00
 123.3200000       2.19806e-16       2.19806e-16       0.00000e+00
 123.4200000       1.70629e-16       1.70629e-16       0.00000e+00
 123.5200000       1.26421e-16       1.26421e-16       0.00000e+00
 123.6200000       9.01398e-17       9.01398e-17       0.00000e+00
 123.7200000       6.29278e-17       6.29278e-17       0.00000e+00
 123.8200000       4.44510e-17       4.44510e-17       0.00000e+00
 123.9200000       3.34103e-17       3.34103e-17       0.00000e+00
 124.0200000       2.80347e-17       2.80347e-17       0.00000e+00
 124.1200000       2.64585e-17       2.64585e-17       0.00000e+00
 124.2200000       2.69647e-17       2.69647e-17       0.00000e+00
 124.3200000       2.81277e-17       2.81277e-17       0.00000e+00
 124.4200000       2.88915e-17       2.88915e-17       0.00000e+00
 124.5200000       2.86071e-17       2.86071e-17       0.00000e+00
 124.6200000       2.70263e-17       2.70263e-17       0.00000e+00
 124.7200000       2.42476e-17       2.42476e-17       0.00000e+00
 124.8200000       2.06163e-17       2.06163e-17       0.00000e+00
 124.9200000       1.65961e-17       1.65961e-17       0.00000e+00
 125.0200000       1.26436e-17       1.26436e-17       0.00000e+00
 125.1200000       9.11430e-18       9.11430e-18       0.00000e+00
 125.2200000       6.21621e-18       6.21621e-18       0.00000e+00
 125.3200000       4.01107e-18       4.01107e-18       0.00000e+00
 125.4200000       2.44862e-18       2.44862e-18       0.00000e+00
 125.5200000       1.41417e-18       1.41417e-18       0.00000e+00
 125.6200000       7.72684e-19       7.72684e-19       0.00000e+00
 125.7200000       3.99412e-19       3.99412e-19       0.00000e+00
 125.8200000       1.95325e-19       1.95325e-19       0.00000e+00
 125.9200000       9.03674e-20       9.03674e-20       0.00000e+00
 126.0200000       3.95534e-20       3.95534e-20       0.00000e+00
 126.1200000       1.63785e-20       1.63785e-20       0.00000e+00
 126.2200000       6.41625e-21       6.41625e-21       0.00000e+00
 126.3200000       2.37797e-21       2.37797e-21       0.00000e+00
 126.4200000       8.33775e-22       8.33775e-22       0.00000e+00
 126.5200000       2.76573e-22       2.76573e-22       0.00000e+00
 126.6200000       8.67934e-23       8.67934e-23       0.00000e+00
 126.7200000       2.57681e-23       2.57681e-23       0.00000e+00
 126.8200000       7.23761e-24       7.23761e-24       0.00000e+00
 126.9200000       1.92321e-24       1.92321e-24       0.00000e+00
 127.0200000       4.83475e-25       4.83475e-25       0.00000e+00
 127.1200000       1.14985e-25       1.14985e-25       0.00000e+00
 127.2200000       2.58716e-26       2.58716e-26       0.00000e+00
 127.3200000       5.50712e-27       5.50712e-27       0.00000e+00
 127.4200000       1.10903e-27       1.10903e-27       0.00000e+00
 127.5800000       0.00000e+00       0.00000e+00       0.00000e+00
 127.8200000       0.00000e+00       0.00000e+00       0.00000e+00
 127.9200000       6.22013e-28       6.22013e-28       0.00000e+00
 128.0200000       3.19323e-27       3.19323e-27       0.00000e+00
 128.1200000       1.55088e-26       1.55088e-26       0.00000e+00
 128.2200000       7.12598e-26       7.12598e-26       0.00000e+00
 128.3200000       3.09762e-25       3.09762e-25       0.00000e+00
 128.4200000       1.27388e-24       1.27388e-24       0.00000e+00
 128.5200000       4.95619e-24       4.95619e-24       0.00000e+00
 128.6200000       1.82425e-23       1.82425e-23       0.00000e+00
 128.7200000       6.35241e-23       6.35241e-23       0.00000e+00
 128.8200000       2.09271e-22       2.09271e-22       0.00000e+00
 128.9200000       6.52228e-22       6.52228e-22       0.00000e+00
 129.0200000       1.92312e-21       1.92312e-21       0.00000e+00
 129.1200000       5.36451e-21       5.36451e-21       0.00000e+00
 129.2200000       1.41570e-20       1.41570e-20       0.00000e+00
 129.3200000       3.53453e-20       3.53453e-20       0.00000e+00
 129.4200000       8.34851e-20       8.34851e-20       0.00000e+00
 129.5200000       1.86554e-19       1.86554e-19       0.00000e+00
 129.6200000       3.94381e-19       3.94381e-19       0.00000e+00
 129.7200000       7.88763e-19       7.88763e-19       0.00000e+00
 129.8200000       1.49243e-18       1.49243e-18       0.00000e+00
 129.9200000       2.67152e-18       2.67152e-18       0.00000e+00
 130.0200000       4.52420e-18       4.52420e-18       0.00000e+00
 130.1200000       7.24840e-18       7.24840e-18       0.00000e+00
 130.2200000       1.09865e-17       1.09865e-17       0.00000e+00
 130.3200000       1.57542e-17       1.57542e-17       0.00000e+00
 130.4200000       2.13722e-17       2.13722e-17       0.00000e+00
 130.5200000       2.74296e-17       2.74296e-17       0.00000e+00
 130.6200000       3.33049e-17       3.33049e-17       0.00000e+00
 130.7200000       3.82573e-17       3.82573e-17       0.00000e+00
 130.8200000       4.15755e-17       4.15755e-17       0.00000e+00
 130.9200000       4.27444e-17       4.27444e-17       0.00000e+00
 131.0200000       4.15755e-17       4.15755e-17       0.00000e+00
 131.1200000       3.82573e-17       3.82573e-17       0.00000e+00
 131.2200000       3.33049e-17       3.33049e-17       0.00000e+00
 131.3200000       2.74296e-17       2.74296e-17       0.00000e+00
 131.4200000       2.13722e-17       2.13722e-17       0.00000e+00
 131.5200000       1.57542e-17       1.57542e-17       0.00000e+00
 131.6200000       1.09865e-17       1.09865e-17       0.00000e+00
 131.7200000       7.24840e-18       7.24840e-18       0.00000e+00
 131.8200000       4.52420e-18       4.52420e-18       0.00000e+00
 131.9200000       2.67152e-18       2.67152e-18       0.00000e+00
 132.0200000       1.49243e-18       1.49243e-18       0.00000e+00
 132.1200000       7.88763e-19       7.88763e-19       0.00000e+00
 132.2200000       3.94381e-19       3.94381e-19       0.00000e+00
 132.3200000       1.86554e-19       1.86554e-19       0.00000e+00
 132.4200000       8.34851e-20       8.34851e-20       0.00000e+00
 132.5200000       3.53453e-20       3.53453e-20       0.00000e+00
 132.6200000       1.41570e-20       1.41570e-20       0.00000e+00
 132.7200000       5.36451e-21       5.36451e-21       0.00000e+00
 132.8200000       1.92312e-21       1.92312e-21       0.00000e+00
 132.9200000       6.52228e-22       6.52228e-22       0.00000e+00
 133.0200000       2.09271e-22       2.09271e-22       0.00000e+00
 133.1200000       6.35241e-23       6.35241e-23       0.00000e+00
 133.2200000       1.82425e-23       1.82425e-23       0.00000e+00
 133.3200000       4.95619e-24       4.95619e-24       0.00000e+00
 133.4200000       1.27388e-24       1.27388e-24       0.00000e+00
 133.5200000       3.09762e-25       3.09762e-25       0.00000e+00
 133.6200000       7.12598e-26       7.12598e-26       0.00000e+00
 133.7200000       1.55088e-26       1.55088e-26       0.00000e+00
 133.8200000       3.19323e-27       3.19323e-27       0.00000e+00
 134.0200000       0.00000e+00       0.00000e+00       0.00000e+00
 134.6600000       0.00000e+00       0.00000e+00       0.00000e+00
 134.7600000       6.88999e-28       6.88999e-28       0.00000e+00
 134.8600000       3.53712e-27       3.53712e-27       0.00000e+00
 134.9600000       1.71790e-26       1.71790e-26       0.00000e+00
 135.0600000       7.89339e-26       7.89339e-26       0.00000e+00
 135.1600000       3.43121e-25       3.43121e-25       0.00000e+00
 135.2600000       1.41107e-24       1.41107e-24       0.00000e+00
 135.3600000       5.48994e-24       5.48994e-24       0.00000e+00
 135.4600000       2.02071e-23       2.02071e-23       0.00000e+00
 135.5600000       7.03651e-23       7.03651e-23       0.00000e+00
 135.6600000       2.31808e-22       2.31808e-22       0.00000e+00
 135.7600000       7.22468e-22       7.22468e-22       0.00000e+00
 135.8600000       2.13022e-21       2.13022e-21       0.00000e+00
 135.9600000       5.94223e-21       5.94223e-21       0.00000e+00
 136.0600000       1.56816e-20       1.56816e-20       0.00000e+00
 136.1600000       3.91517e-20       3.91517e-20       0.00000e+00
 136.2600000       9.24759e-20       9.24759e-20       0.00000e+00
 136.3600000       2.06644e-19       2.06644e-19       0.00000e+00
 136.4600000       4.36853e-19       4.36853e-19       0.00000e+00
 136.5600000       8.73706e-19       8.73706e-19       0.00000e+00
 136.6600000       1.65315e-18       1.65315e-18       0.00000e+00
 136.7600000       2.95923e-18       2.95923e-18       0.00000e+00
 136.8600000       5.01142e-18       5.01142e-18       0.00000e+00
 136.9600000       8.02900e-18       8.02900e-18       0.00000e+00
 137.0600000       1.21697e-17       1.21697e-17       0.00000e+00
 137.1600000       1.74508e-17       1.74508e-17       0.00000e+00
 137.2600000       2.36738e-17       2.36738e-17       0.00000e+00
 137.3600000       3.03836e-17       3.03836e-17       0.00000e+00
 137.4600000       3.68916e-17       3.68916e-17       0.00000e+00
 137.5600000       4.23773e-17       4.23773e-17       0.00000e+00
 137.6600000       4.60529e-17       4.60529e-17       0.00000e+00
 137.7600000       4.73476e-17       4.73476e-17       0.00000e+00
 137.8600000       4.60529e-17       4.60529e-17       0.00000e+00
 137.9600000       4.23773e-17       4.23773e-17       0.00000e+00
 138.0600000       3.68916e-17       3.68916e-17       0.00000e+00
 138.1600000       3.03836e-17       3.03836e-17       0.00000e+00
 138.2600000       2.36738e-17       2.36738e-17       0.00000e+00
 138.3600000       1.74508e-17       1.74508e-17       0.00000e+00
 138.4600000       1.21697e-17       1.21697e-17       0.00000e+00
 138.5600000       8.02900e-18       8.02900e-18       0.00000e+00
 138.6600000       5.01142e-18       5.01142e-18       0.00000e+00
 138.7600000       2.95923e-18       2.95923e-18       0.00000e+00
 138.8600000       1.65315e-18       1.65315e-18       0.00000e+00
 138.9600000       8.73706e-19       8.73706e-19       0.00000e+00
 139.0600000       4.36853e-19       4.36853e-19       0.00000e+00
 139.1600000       2.06644e-19       2.06644e-19       0.00000e+00
 139.2600000       9.24759e-20       9.24759e-20       0.00000e+00
 139.3600000       3.91517e-20       3.91517e-20       0.00000e+00
 139.4600000       1.56816e-20       1.56816e-20       0.00000e+00
 139.5600000       5.94223e-21       5.94223e-21       0.00000e+00
 139.6600000       2.13022e-21       2.13022e-21       0.00000e+00
 139.7600000       7.22468e-22       7.22468e-22       0.00000e+00
 139.8600000       2.31808e-22       2.31808e-22       0.00000e+00
 139.9600000       7.03651e-23       7.03651e-23       0.00000e+00
 140.0600000       2.02071e-23       2.02071e-23       0.00000e+00
 140.1600000       5.48994e-24       5.48994e-24       0.00000e+00
 140.2600000       1.41107e-24       1.41107e-24       0.00000e+00
 140.3600000       3.43121e-25       3.43121e-25       0.00000e+00
 140.4600000       7.89339e-26       7.89339e-26       0.00000e+00
 140.5600000       1.71790e-26       1.71790e-26       0.00000e+00
 140.6600000       3.53712e-27       3.53712e-27       0.00000e+00
 140.7600000       6.93366e-28       6.93366e-28       0.00000e+00
 140.8600000       2.13272e-29       2.13272e-29       0.00000e+00
 140.9600000       9.85389e-29       9.85389e-29       0.00000e+00
 141.0600000       4.30724e-28       4.30724e-28       0.00000e+00
 141.1600000       1.78118e-27       1.78118e-27       0.00000e+00
 141.2600000       6.96845e-27       6.96845e-27       0.00000e+00
 141.3600000       2.57917e-26       2.57917e-26       0.00000e+00
 141.4600000       9.03114e-26       9.03114e-26       0.00000e+00
 141.5600000       2.99173e-25       2.99173e-25       0.00000e+00
 141.6600000       9.37605e-25       9.37605e-25       0.00000e+00
 141.7600000       2.77994e-24       2.77994e-24       0.00000e+00
 141.8600000       7.79772e-24       7.79772e-24       0.00000e+00
 141.9600000       2.06927e-23       2.06927e-23       0.00000e+00
 142.0600000       5.19500e-23       5.19500e-23       0.00000e+00
 142.1600000       1.23388e-22       1.23388e-22       0.00000e+00
 142.2600000       2.77252e-22       2.77252e-22       0.00000e+00
 142.3600000       5.89379e-22       5.89379e-22       0.00000e+00
 142.4600000       1.18531e-21       1.18531e-21       0.00000e+00
 142.5600000       2.25522e-21       2.25522e-21       0.00000e+00
 142.6600000       4.05940e-21       4.05940e-21       0.00000e+00
 142.7600000       6.91279e-21       6.91279e-21       0.00000e+00
 142.8600000       1.11368e-20       1.11368e-20       0.00000e+00
 142.9600000       1.69742e-20       1.69742e-20       0.00000e+00
 143.0600000       2.44755e-20       2.44755e-20       0.00000e+00
 143.1600000       3.33882e-20       3.33882e-20       0.00000e+00
 143.2600000       4.30896e-20       4.30896e-20       0.00000e+00
 143.3600000       5.26101e-20       5.26101e-20       0.00000e+00
 143.4600000       6.07692e-20       6.07692e-20       0.00000e+00
 143.5600000       6.64072e-20       6.64072e-20       0.00000e+00
 143.6600000       6.86538e-20       6.86538e-20       0.00000e+00
 143.7600000       6.71478e-20       6.71478e-20       0.00000e+00
 143.8600000       6.21322e-20       6.21322e-20       0.00000e+00
 143.9600000       5.43900e-20       5.43900e-20       0.00000e+00
 144.0600000       4.50442e-20       4.50442e-20       0.00000e+00
 144.1600000       3.52920e-20       3.52920e-20       0.00000e+00
 144.2600000       2.61596e-20       2.61596e-20       0.00000e+00
 144.3600000       1.83444e-20       1.83444e-20       0.00000e+00
 144.4600000       1.21701e-20       1.21701e-20       0.00000e+00
 144.5600000       7.63839e-21       7.63839e-21       0.00000e+00
 144.6600000       4.53552e-21       4.53552e-21       0.00000e+00
 144.7600000       2.54783e-21       2.54783e-21       0.00000e+00
 144.8600000       1.35405e-21       1.35405e-21       0.00000e+00
 144.9600000       6.80832e-22       6.80832e-22       0.00000e+00
 145.0600000       3.24045e-22       3.24045e-22       0.00000e+00
 145.1600000       1.46703e-22       1.46703e-22       0.00000e+00
 145.2600000       6.61274e-23       6.61274e-23       0.00000e+00
 145.3600000       4.10783e-23       4.10783e-23       0.00000e+00
 145.4600000       6.94127e-23       6.94127e-23       0.00000e+00
 145.5600000       2.14314e-22       2.14314e-22       0.00000e+00
 145.6600000       7.03641e-22       7.03641e-22       0.00000e+00
 145.7600000       2.21415e-21       2.21415e-21       0.00000e+00
 145.8600000       6.60032e-21       6.60032e-21       0.00000e+00
 145.9600000       1.86165e-20       1.86165e-20       0.00000e+00
 146.0600000       4.96771e-20       4.96771e-20       0.00000e+00
 146.1600000       1.25410e-19       1.25410e-19       0.00000e+00
 146.2600000       2.99520e-19       2.99520e-19       0.00000e+00
 146.3600000       6.76764e-19       6.76764e-19       0.00000e+00
 146.4600000       1.44666e-18       1.44666e-18       0.00000e+00
 146.5600000       2.92559e-18       2.92559e-18       0.00000e+00
 146.6600000       5.59728e-18       5.59728e-18       0.00000e+00
 146.7600000       1.01311e-17       1.01311e-17       0.00000e+00
 146.8600000       1.73483e-17       1.73483e-17       0.00000e+00
 146.9600000       2.81044e-17       2.81044e-17       0.00000e+00
 147.0600000       4.30734e-17       4.30734e-17       0.00000e+00
 147.1600000       6.24542e-17       6.24542e-17       0.00000e+00
 147.2600000       8.56705e-17       8.56705e-17       0.00000e+00
 147.3600000       1.11178e-16       1.11178e-16       0.00000e+00
 147.4600000       1.36497e-16       1.36497e-16       0.00000e+00
 147.5600000       1.58542e-16       1.58542e-16       0.00000e+00
 147.6600000       1.74215e-16       1.74215e-16       0.00000e+00
 147.7600000       1.81110e-16       1.81110e-16       0.00000e+00
 147.8600000       1.78122e-16       1.78122e-16       0.00000e+00
 147.9600000       1.65734e-16       1.65734e-16       0.00000e+00
 148.0600000       1.45889e-16       1.45889e-16       0.00000e+00
 148.1600000       1.21493e-16       1.21493e-16       0.00000e+00
 148.2600000       9.57185e-17       9.57185e-17       0.00000e+00
 148.3600000       7.13443e-17       7.13443e-17       0.00000e+00
 148.4600000       5.03083e-17       5.03083e-17       0.00000e+00
 148.5600000       3.35613e-17       3.35613e-17       0.00000e+00
 148.6600000       2.11814e-17       2.11814e-17       0.00000e+00
 148.7600000       1.26470e-17       1.26470e-17       0.00000e+00
 148.8600000       7.14397e-18       7.14397e-18       0.00000e+00
 148.9600000       3.81776e-18       3.81776e-18       0.00000e+00
 149.0600000       1.93017e-18       1.93017e-18       0.00000e+00
 149.1600000       9.23207e-19       9.23207e-19       0.00000e+00
 149.2600000       4.17754e-19       4.17754e-19       0.00000e+00
 149.3600000       1.78838e-19       1.78838e-19       0.00000e+00
 149.4600000       7.24297e-20       7.24297e-20       0.00000e+00
 149.5600000       2.77518e-20       2.77518e-20       0.00000e+00
 149.6600000       1.00597e-20       1.00597e-20       0.00000e+00
 149.7600000       3.44979e-21       3.44979e-21       0.00000e+00
 149.8600000       1.11923e-21       1.11923e-21       0.00000e+00
 149.9600000       3.43530e-22       3.43530e-22       0.00000e+00
 150.0600000       9.97534e-23       9.97534e-23       0.00000e+00
 150.1600000       2.74036e-23       2.74036e-23       0.00000e+00
 150.2600000       7.12206e-24       7.12206e-24       0.00000e+00
 150.3600000       1.75114e-24       1.75114e-24       0.00000e+00
 150.4600000       4.07337e-25       4.07337e-25       0.00000e+00
 150.5600000       8.96405e-26       8.96405e-26       0.00000e+00
 150.6600000       1.86626e-26       1.86626e-26       0.00000e+00
 150.7600000       3.67585e-27       3.67585e-27       0.00000e+00
 150.8800000       0.00000e+00       0.00000e+00       0.00000e+00
 159.4000000       0.00000e+00       0.00000e+00       0.00000e+00
 159.5000000       3.19892e-28       3.19892e-28       0.00000e+00
 159.6000000       1.64223e-27       1.64223e-27       0.00000e+00
 159.7000000       7.97596e-27       7.97596e-27       0.00000e+00
 159.8000000       3.66479e-26       3.66479e-26       0.00000e+00
 159.9000000       1.59306e-25       1.59306e-25       0.00000e+00
 160.0000000       6.55139e-25       6.55139e-25       0.00000e+00
 160.1000000       2.54890e-24       2.54890e-24       0.00000e+00
 160.2000000       9.38186e-24       9.38186e-24       0.00000e+00
 160.3000000       3.26695e-23       3.26695e-23       0.00000e+00
 160.4000000       1.07625e-22       1.07625e-22       0.00000e+00
 160.5000000       3.35431e-22       3.35431e-22       0.00000e+00
 160.6000000       9.89032e-22       9.89032e-22       0.00000e+00
 160.7000000       2.75889e-21       2.75889e-21       0.00000e+00
 160.8000000       7.28076e-21       7.28076e-21       0.00000e+00
 160.9000000       1.81776e-20       1.81776e-20       0.00000e+00
 161.0000000       4.29352e-20       4.29352e-20       0.00000e+00
 161.1000000       9.59419e-20       9.59419e-20       0.00000e+00
 161.2000000       2.02825e-19       2.02825e-19       0.00000e+00
 161.3000000       4.05649e-19       4.05649e-19       0.00000e+00
 161.4000000       7.67535e-19       7.67535e-19       0.00000e+00
 161.5000000       1.37393e-18       1.37393e-18       0.00000e+00
 161.6000000       2.32673e-18       2.32673e-18       0.00000e+00
 161.7000000       3.72775e-18       3.72775e-18       0.00000e+00
 161.8000000       5.65021e-18       5.65021e-18       0.00000e+00
 161.9000000       8.10215e-18       8.10215e-18       0.00000e+00
 162.0000000       1.09914e-17       1.09914e-17       0.00000e+00
 162.1000000       1.41067e-17       1.41067e-17       0.00000e+00
 162.2000000       1.71282e-17       1.71282e-17       0.00000e+00
 162.3000000       1.96752e-17       1.96752e-17       0.00000e+00
 162.4000000       2.13817e-17       2.13817e-17       0.00000e+00
 162.5000000       2.19828e-17       2.19828e-17       0.00000e+00
 162.6000000       2.13817e-17       2.13817e-17       0.00000e+00
 162.7000000       1.96752e-17       1.96752e-17       0.00000e+00
 162.8000000       1.71282e-17       1.71282e-17       0.00000e+00
 162.9000000       1.41067e-17       1.41067e-17       0.00000e+00
 163.0000000       1.09914e-17       1.09914e-17       0.00000e+00
 163.1000000       8.10215e-18       8.10215e-18       0.00000e+00
 163.2000000       5.65021e-18       5.65021e-18       0.00000e+00
 163.3000000       3.72775e-18       3.72775e-18       0.00000e+00
 163.4000000       2.32673e-18       2.32673e-18       0.00000e+00
 163.5000000       1.37393e-18       1.37393e-18       0.00000e+00
 163.6000000       7.67535e-19       7.67535e-19       0.00000e+00
 163.7000000       4.05649e-19       4.05649e-19       0.00000e+00
 163.8000000       2.02825e-19       2.02825e-19       0.00000e+00
 163.9000000       9.59419e-20       9.59419e-20       0.00000e+00
 164.0000000       4.29352e-20       4.29352e-20       0.00000e+00
 164.1000000       1.81776e-20       1.81776e-20       0.00000e+00
 164.2000000       7.28076e-21       7.28076e-21       0.00000e+00
 164.3000000       2.75889e-21       2.75889e-21       0.00000e+00
 164.4000000       9.89032e-22       9.89032e-22       0.00000e+00
 164.5000000       3.35431e-22       3.35431e-22       0.00000e+00
 164.6000000       1.07625e-22       1.07625e-22       0.00000e+00
 164.7000000       3.26695e-23       3.26695e-23       0.00000e+00
 164.8000000       9.38186e-24       9.38186e-24       0.00000e+00
 164.9000000       2.54890e-24       2.54890e-24       0.00000e+00
 165.0000000       6.55139e-25       6.55139e-25       0.00000e+00
 165.1000000       1.59306e-25       1.59306e-25       0.00000e+00
 165.2000000       3.66479e-26       3.66479e-26       0.00000e+00
 165.3000000       7.97596e-27       7.97596e-27       0.00000e+00
 165.4000000       1.64223e-27       1.64223e-27       0.00000e+00
 165.6000000       0.00000e+00       0.00000e+00       0.00000e+00
 172.5200000       0.00000e+00       0.00000e+00       0.00000e+00
 172.6200000       1.49010e-29       1.49010e-29       0.00000e+00
 172.7200000       7.64971e-29       7.64971e-29       0.00000e+00
 172.8200000       3.71530e-28       3.71530e-28       0.00000e+00
 172.9200000       1.70710e-27       1.70710e-27       0.00000e+00
 173.0200000       7.42067e-27       7.42067e-27       0.00000e+00
 173.1200000       3.05172e-26       3.05172e-26       0.00000e+00
 173.2200000       1.18731e-25       1.18731e-25       0.00000e+00
 173.3200000       4.37018e-25       4.37018e-25       0.00000e+00
 173.4200000       1.52179e-24       1.52179e-24       0.00000e+00
 173.5200000       5.01332e-24       5.01332e-24       0.00000e+00
 173.6200000       1.56248e-23       1.56248e-23       0.00000e+00
 173.7200000       4.60703e-23       4.60703e-23       0.00000e+00
 173.8200000       1.28513e-22       1.28513e-22       0.00000e+00
 173.9200000       3.39147e-22       3.39147e-22       0.00000e+00
 174.0200000       8.46734e-22       8.46734e-22       0.00000e+00
 174.1200000       1.99997e-21       1.99997e-21       0.00000e+00
 174.2200000       4.46909e-21       4.46909e-21       0.00000e+00
 174.3200000       9.44782e-21       9.44782e-21       0.00000e+00
 174.4200000       1.88956e-20       1.88956e-20       0.00000e+00
 174.5200000       3.57527e-20       3.57527e-20       0.00000e+00
 174.6200000       6.39992e-20       6.39992e-20       0.00000e+00
 174.7200000       1.08382e-19       1.08382e-19       0.00000e+00
 174.8200000       1.73643e-19       1.73643e-19       0.00000e+00
 174.9200000       2.63194e-19       2.63194e-19       0.00000e+00
 175.0200000       3.77408e-19       3.77408e-19       0.00000e+00
 175.1200000       5.11993e-19       5.11993e-19       0.00000e+00
 175.2200000       6.57105e-19       6.57105e-19       0.00000e+00
 175.3200000       7.97854e-19       7.97854e-19       0.00000e+00
 175.4200000       9.16494e-19       9.16494e-19       0.00000e+00
 175.5200000       9.95986e-19       9.95986e-19       0.00000e+00
 175.6200000       1.02399e-18       1.02399e-18       0.00000e+00
 175.7200000       9.95986e-19       9.95986e-19       0.00000e+00
 175.8200000       9.16494e-19       9.16494e-19       0.00000e+00
 175.9200000       7.97854e-19       7.97854e-19       0.00000e+00
 176.0200000       6.57105e-19       6.57105e-19       0.00000e+00
 176.1200000       5.11993e-19       5.11993e-19       0.00000e+00
 176.2200000       3.77408e-19       3.77408e-19       0.00000e+00
 176.3200000       2.63194e-19       2.63194e-19       0.00000e+00
 176.4200000       1.73643e-19       1.73643e-19       0.00000e+00
 176.5200000       1.08382e-19       1.08382e-19       0.00000e+00
 176.6200000       6.39992e-20       6.39992e-20       0.00000e+00
 176.7200000       3.57527e-20       3.57527e-20       0.00000e+00
 176.8200000       1.88956e-20       1.88956e-20       0.00000e+00
 176.9200000       9.44782e-21       9.44782e-21       0.00000e+00
 177.0200000       4.46909e-21       4.46909e-21       0.00000e+00
 177.1200000       1.99997e-21       1.99997e-21       0.00000e+00
 177.2200000       8.46734e-22       8.46734e-22       0.00000e+00
 177.3200000       3.39147e-22       3.39147e-22       0.00000e+00
 177.4200000       1.28513e-22       1.28513e-22       0.00000e+00
 177.5200000       4.60703e-23       4.60703e-23       0.00000e+00
 177.6200000       1.56248e-23       1.56248e-23       0.00000e+00
 177.7200000       5.01332e-24       5.01332e-24       0.00000e+00
 177.8200000       1.52179e-24       1.52179e-24       0.00000e+00
 177.9200000       4.37018e-25       4.37018e-25       0.00000e+00
 178.0200000       1.18731e-25       1.18731e-25       0.00000e+00
 178.1200000       3.05172e-26       3.05172e-26       0.00000e+00
 178.2200000       7.42067e-27       7.42067e-27       0.00000e+00
 178.3200000       1.70710e-27       1.70710e-27       0.00000e+00
 178.4200000       3.71530e-28       3.71530e-28       0.00000e+00
 178.5200000       7.64971e-29       7.64971e-29       0.00000e+00
 178.7200000       0.00000e+00       0.00000e+00       0.00000e+00
