#pseudo-Leiden file converted from MPI-Mainz UV/VIS Spectral Atlas data
#reaction: C4H2 -> C2H2 + C2
#source: Ferradaz et al. (2009), 293K, 115-225nm
#https://www.uv-vis-spectral-atlas-mainz.org/uvvis/
#total absorption cross section used for both photoabsorption and
#photodissociation columns (single dissociation channel; no photoionization data)
#wavelength(nm) photoabsorption(cm2) photodissociation(cm2) photoionization(cm2)
115.080000 4.960000e-17 4.960000e-17 0.000000e+00
116.040000 4.960000e-17 4.960000e-17 0.000000e+00
117.000000 4.900000e-17 4.900000e-17 0.000000e+00
118.050000 4.840000e-17 4.840000e-17 0.000000e+00
118.650000 5.140000e-17 5.140000e-17 0.000000e+00
118.920000 4.670000e-17 4.670000e-17 0.000000e+00
119.150000 4.840000e-17 4.840000e-17 0.000000e+00
119.650000 4.580000e-17 4.580000e-17 0.000000e+00
119.840000 4.890000e-17 4.890000e-17 0.000000e+00
120.110000 4.670000e-17 4.670000e-17 0.000000e+00
120.520000 5.020000e-17 5.020000e-17 0.000000e+00
120.710000 4.270000e-17 4.270000e-17 0.000000e+00
121.060000 5.000000e-17 5.000000e-17 0.000000e+00
121.300000 4.280000e-17 4.280000e-17 0.000000e+00
121.610000 5.230000e-17 5.230000e-17 0.000000e+00
121.770000 7.010000e-17 7.010000e-17 0.000000e+00
121.920000 4.850000e-17 4.850000e-17 0.000000e+00
121.930000 4.810000e-17 4.810000e-17 0.000000e+00
122.190000 4.330000e-17 4.330000e-17 0.000000e+00
122.300000 5.020000e-17 5.020000e-17 0.000000e+00
122.490000 4.530000e-17 4.530000e-17 0.000000e+00
122.760000 4.080000e-17 4.080000e-17 0.000000e+00
122.770000 4.090000e-17 4.090000e-17 0.000000e+00
122.960000 5.030000e-17 5.030000e-17 0.000000e+00
123.070000 6.210000e-17 6.210000e-17 0.000000e+00
123.170000 5.020000e-17 5.020000e-17 0.000000e+00
123.310000 4.480000e-17 4.480000e-17 0.000000e+00
123.610000 3.800000e-17 3.800000e-17 0.000000e+00
123.770000 5.110000e-17 5.110000e-17 0.000000e+00
124.150000 4.050000e-17 4.050000e-17 0.000000e+00
124.180000 3.980000e-17 3.980000e-17 0.000000e+00
124.310000 6.400000e-17 6.400000e-17 0.000000e+00
124.550000 4.460000e-17 4.460000e-17 0.000000e+00
124.570000 5.920000e-17 5.920000e-17 0.000000e+00
124.830000 5.270000e-17 5.270000e-17 0.000000e+00
124.940000 8.240000e-17 8.240000e-17 0.000000e+00
125.030000 1.380000e-16 1.380000e-16 0.000000e+00
125.190000 9.830000e-17 9.830000e-17 0.000000e+00
125.290000 7.110000e-17 7.110000e-17 0.000000e+00
125.440000 4.410000e-17 4.410000e-17 0.000000e+00
125.660000 7.010000e-17 7.010000e-17 0.000000e+00
125.870000 4.990000e-17 4.990000e-17 0.000000e+00
126.050000 4.380000e-17 4.380000e-17 0.000000e+00
126.300000 5.780000e-17 5.780000e-17 0.000000e+00
126.420000 1.070000e-16 1.070000e-16 0.000000e+00
126.640000 5.960000e-17 5.960000e-17 0.000000e+00
126.810000 7.220000e-17 7.220000e-17 0.000000e+00
127.020000 5.530000e-17 5.530000e-17 0.000000e+00
127.160000 7.220000e-17 7.220000e-17 0.000000e+00
127.380000 8.650000e-17 8.650000e-17 0.000000e+00
127.620000 6.980000e-17 6.980000e-17 0.000000e+00
127.950000 9.970000e-17 9.970000e-17 0.000000e+00
128.000000 1.290000e-16 1.290000e-16 0.000000e+00
128.190000 1.950000e-16 1.950000e-16 0.000000e+00
128.320000 1.240000e-16 1.240000e-16 0.000000e+00
128.590000 2.120000e-16 2.120000e-16 0.000000e+00
128.670000 1.130000e-16 1.130000e-16 0.000000e+00
128.850000 8.810000e-17 8.810000e-17 0.000000e+00
128.940000 7.330000e-17 7.330000e-17 0.000000e+00
129.120000 1.510000e-16 1.510000e-16 0.000000e+00
129.340000 8.480000e-17 8.480000e-17 0.000000e+00
129.440000 5.180000e-17 5.180000e-17 0.000000e+00
129.590000 3.920000e-17 3.920000e-17 0.000000e+00
129.690000 3.260000e-17 3.260000e-17 0.000000e+00
129.940000 4.290000e-17 4.290000e-17 0.000000e+00
130.040000 6.680000e-17 6.680000e-17 0.000000e+00
130.060000 7.350000e-17 7.350000e-17 0.000000e+00
130.330000 1.380000e-16 1.380000e-16 0.000000e+00
130.500000 7.380000e-17 7.380000e-17 0.000000e+00
130.560000 5.420000e-17 5.420000e-17 0.000000e+00
130.600000 4.700000e-17 4.700000e-17 0.000000e+00
130.630000 4.700000e-17 4.700000e-17 0.000000e+00
130.810000 4.080000e-17 4.080000e-17 0.000000e+00
131.000000 4.210000e-17 4.210000e-17 0.000000e+00
131.270000 3.860000e-17 3.860000e-17 0.000000e+00
131.320000 3.760000e-17 3.760000e-17 0.000000e+00
131.440000 3.520000e-17 3.520000e-17 0.000000e+00
131.680000 3.870000e-17 3.870000e-17 0.000000e+00
131.800000 5.260000e-17 5.260000e-17 0.000000e+00
131.880000 6.420000e-17 6.420000e-17 0.000000e+00
132.130000 3.890000e-17 3.890000e-17 0.000000e+00
132.410000 5.400000e-17 5.400000e-17 0.000000e+00
132.480000 7.860000e-17 7.860000e-17 0.000000e+00
132.640000 1.080000e-16 1.080000e-16 0.000000e+00
132.810000 3.400000e-16 3.400000e-16 0.000000e+00
133.100000 1.290000e-16 1.290000e-16 0.000000e+00
133.230000 8.870000e-17 8.870000e-17 0.000000e+00
133.270000 5.100000e-17 5.100000e-17 0.000000e+00
133.430000 3.650000e-17 3.650000e-17 0.000000e+00
133.580000 2.760000e-17 2.760000e-17 0.000000e+00
133.840000 2.320000e-17 2.320000e-17 0.000000e+00
134.300000 2.550000e-17 2.550000e-17 0.000000e+00
134.550000 3.190000e-17 3.190000e-17 0.000000e+00
135.070000 3.820000e-17 3.820000e-17 0.000000e+00
135.490000 5.730000e-17 5.730000e-17 0.000000e+00
135.560000 8.540000e-17 8.540000e-17 0.000000e+00
135.690000 1.340000e-16 1.340000e-16 0.000000e+00
135.880000 7.630000e-17 7.630000e-17 0.000000e+00
136.040000 9.810000e-17 9.810000e-17 0.000000e+00
136.300000 1.130000e-16 1.130000e-16 0.000000e+00
136.540000 9.130000e-17 9.130000e-17 0.000000e+00
136.930000 1.330000e-16 1.330000e-16 0.000000e+00
137.120000 8.010000e-17 8.010000e-17 0.000000e+00
137.240000 5.770000e-17 5.770000e-17 0.000000e+00
137.400000 4.020000e-17 4.020000e-17 0.000000e+00
137.860000 3.310000e-17 3.310000e-17 0.000000e+00
138.290000 4.240000e-17 4.240000e-17 0.000000e+00
138.400000 5.140000e-17 5.140000e-17 0.000000e+00
138.710000 5.370000e-17 5.370000e-17 0.000000e+00
138.800000 5.790000e-17 5.790000e-17 0.000000e+00
139.090000 5.020000e-17 5.020000e-17 0.000000e+00
139.210000 4.420000e-17 4.420000e-17 0.000000e+00
139.540000 5.950000e-17 5.950000e-17 0.000000e+00
139.810000 1.110000e-16 1.110000e-16 0.000000e+00
140.030000 1.910000e-16 1.910000e-16 0.000000e+00
140.270000 3.000000e-16 3.000000e-16 0.000000e+00
140.540000 2.180000e-16 2.180000e-16 0.000000e+00
140.640000 1.490000e-16 1.490000e-16 0.000000e+00
140.940000 8.590000e-17 8.590000e-17 0.000000e+00
141.240000 6.010000e-17 6.010000e-17 0.000000e+00
141.410000 6.810000e-17 6.810000e-17 0.000000e+00
141.510000 5.350000e-17 5.350000e-17 0.000000e+00
141.630000 3.960000e-17 3.960000e-17 0.000000e+00
142.070000 3.090000e-17 3.090000e-17 0.000000e+00
142.520000 3.840000e-17 3.840000e-17 0.000000e+00
142.580000 4.500000e-17 4.500000e-17 0.000000e+00
142.780000 4.780000e-17 4.780000e-17 0.000000e+00
143.210000 4.400000e-17 4.400000e-17 0.000000e+00
143.530000 4.720000e-17 4.720000e-17 0.000000e+00
143.770000 6.480000e-17 6.480000e-17 0.000000e+00
143.910000 9.610000e-17 9.610000e-17 0.000000e+00
144.120000 1.600000e-16 1.600000e-16 0.000000e+00
144.250000 2.960000e-16 2.960000e-16 0.000000e+00
144.600000 6.110000e-16 6.110000e-16 0.000000e+00
144.840000 4.490000e-16 4.490000e-16 0.000000e+00
145.140000 2.450000e-16 2.450000e-16 0.000000e+00
145.510000 1.320000e-16 1.320000e-16 0.000000e+00
145.840000 8.390000e-17 8.390000e-17 0.000000e+00
146.140000 5.680000e-17 5.680000e-17 0.000000e+00
146.440000 4.530000e-17 4.530000e-17 0.000000e+00
146.860000 3.750000e-17 3.750000e-17 0.000000e+00
147.270000 3.290000e-17 3.290000e-17 0.000000e+00
147.740000 2.860000e-17 2.860000e-17 0.000000e+00
147.950000 2.700000e-17 2.700000e-17 0.000000e+00
148.560000 2.730000e-17 2.730000e-17 0.000000e+00
149.520000 2.780000e-17 2.780000e-17 0.000000e+00
150.120000 2.480000e-17 2.480000e-17 0.000000e+00
150.450000 2.820000e-17 2.820000e-17 0.000000e+00
150.660000 2.510000e-17 2.510000e-17 0.000000e+00
151.180000 2.520000e-17 2.520000e-17 0.000000e+00
151.350000 2.700000e-17 2.700000e-17 0.000000e+00
151.630000 3.060000e-17 3.060000e-17 0.000000e+00
151.840000 3.420000e-17 3.420000e-17 0.000000e+00
152.250000 3.930000e-17 3.930000e-17 0.000000e+00
152.610000 4.530000e-17 4.530000e-17 0.000000e+00
152.970000 5.200000e-17 5.200000e-17 0.000000e+00
153.220000 6.020000e-17 6.020000e-17 0.000000e+00
153.590000 6.920000e-17 6.920000e-17 0.000000e+00
154.050000 7.950000e-17 7.950000e-17 0.000000e+00
154.430000 6.820000e-17 6.820000e-17 0.000000e+00
154.610000 5.960000e-17 5.960000e-17 0.000000e+00
154.890000 5.160000e-17 5.160000e-17 0.000000e+00
155.070000 4.730000e-17 4.730000e-17 0.000000e+00
155.490000 4.610000e-17 4.610000e-17 0.000000e+00
155.940000 4.880000e-17 4.880000e-17 0.000000e+00
156.080000 5.230000e-17 5.230000e-17 0.000000e+00
156.390000 6.200000e-17 6.200000e-17 0.000000e+00
156.730000 7.570000e-17 7.570000e-17 0.000000e+00
157.100000 8.860000e-17 8.860000e-17 0.000000e+00
157.500000 1.000000e-16 1.000000e-16 0.000000e+00
157.840000 1.220000e-16 1.220000e-16 0.000000e+00
158.170000 1.530000e-16 1.530000e-16 0.000000e+00
158.510000 1.850000e-16 1.850000e-16 0.000000e+00
158.800000 2.100000e-16 2.100000e-16 0.000000e+00
159.200000 2.280000e-16 2.280000e-16 0.000000e+00
159.490000 2.000000e-16 2.000000e-16 0.000000e+00
159.640000 1.690000e-16 1.690000e-16 0.000000e+00
159.820000 1.330000e-16 1.330000e-16 0.000000e+00
160.030000 1.180000e-16 1.180000e-16 0.000000e+00
160.270000 1.020000e-16 1.020000e-16 0.000000e+00
160.540000 8.990000e-17 8.990000e-17 0.000000e+00
160.810000 8.280000e-17 8.280000e-17 0.000000e+00
161.190000 8.120000e-17 8.120000e-17 0.000000e+00
161.590000 8.820000e-17 8.820000e-17 0.000000e+00
161.690000 9.200000e-17 9.200000e-17 0.000000e+00
161.910000 1.010000e-16 1.010000e-16 0.000000e+00
162.360000 1.160000e-16 1.160000e-16 0.000000e+00
162.910000 1.320000e-16 1.320000e-16 0.000000e+00
163.270000 1.560000e-16 1.560000e-16 0.000000e+00
163.660000 2.130000e-16 2.130000e-16 0.000000e+00
163.970000 2.910000e-16 2.910000e-16 0.000000e+00
164.190000 3.740000e-16 3.740000e-16 0.000000e+00
164.530000 4.220000e-16 4.220000e-16 0.000000e+00
164.740000 3.940000e-16 3.940000e-16 0.000000e+00
164.890000 3.360000e-16 3.360000e-16 0.000000e+00
165.160000 2.530000e-16 2.530000e-16 0.000000e+00
165.280000 1.830000e-16 1.830000e-16 0.000000e+00
165.520000 1.360000e-16 1.360000e-16 0.000000e+00
165.820000 1.010000e-16 1.010000e-16 0.000000e+00
166.000000 7.730000e-17 7.730000e-17 0.000000e+00
166.410000 5.720000e-17 5.720000e-17 0.000000e+00
166.790000 4.700000e-17 4.700000e-17 0.000000e+00
167.120000 3.750000e-17 3.750000e-17 0.000000e+00
167.580000 2.980000e-17 2.980000e-17 0.000000e+00
167.990000 2.350000e-17 2.350000e-17 0.000000e+00
168.320000 2.040000e-17 2.040000e-17 0.000000e+00
168.590000 1.770000e-17 1.770000e-17 0.000000e+00
168.920000 1.530000e-17 1.530000e-17 0.000000e+00
169.160000 1.330000e-17 1.330000e-17 0.000000e+00
169.480000 1.160000e-17 1.160000e-17 0.000000e+00
169.860000 1.060000e-17 1.060000e-17 0.000000e+00
170.120000 1.100000e-17 1.100000e-17 0.000000e+00
170.490000 1.290000e-17 1.290000e-17 0.000000e+00
170.770000 1.570000e-17 1.570000e-17 0.000000e+00
171.000000 1.940000e-17 1.940000e-17 0.000000e+00
171.340000 2.320000e-17 2.320000e-17 0.000000e+00
171.540000 2.090000e-17 2.090000e-17 0.000000e+00
171.750000 1.670000e-17 1.670000e-17 0.000000e+00
171.940000 1.450000e-17 1.450000e-17 0.000000e+00
172.260000 1.260000e-17 1.260000e-17 0.000000e+00
172.390000 1.210000e-17 1.210000e-17 0.000000e+00
172.740000 1.310000e-17 1.310000e-17 0.000000e+00
172.850000 1.380000e-17 1.380000e-17 0.000000e+00
173.080000 1.490000e-17 1.490000e-17 0.000000e+00
173.310000 1.530000e-17 1.530000e-17 0.000000e+00
173.440000 1.490000e-17 1.490000e-17 0.000000e+00
173.830000 1.330000e-17 1.330000e-17 0.000000e+00
174.060000 1.270000e-17 1.270000e-17 0.000000e+00
174.320000 1.240000e-17 1.240000e-17 0.000000e+00
174.640000 1.140000e-17 1.140000e-17 0.000000e+00
174.870000 1.010000e-17 1.010000e-17 0.000000e+00
175.140000 8.210000e-18 8.210000e-18 0.000000e+00
175.440000 6.620000e-18 6.620000e-18 0.000000e+00
175.700000 5.740000e-18 5.740000e-18 0.000000e+00
176.020000 4.700000e-18 4.700000e-18 0.000000e+00
176.270000 4.050000e-18 4.050000e-18 0.000000e+00
176.600000 3.510000e-18 3.510000e-18 0.000000e+00
176.780000 3.280000e-18 3.280000e-18 0.000000e+00
177.150000 2.840000e-18 2.840000e-18 0.000000e+00
177.570000 2.480000e-18 2.480000e-18 0.000000e+00
178.030000 2.160000e-18 2.160000e-18 0.000000e+00
178.670000 1.920000e-18 1.920000e-18 0.000000e+00
179.270000 1.690000e-18 1.690000e-18 0.000000e+00
179.960000 1.500000e-18 1.500000e-18 0.000000e+00
180.700000 1.360000e-18 1.360000e-18 0.000000e+00
181.520000 1.230000e-18 1.230000e-18 0.000000e+00
182.350000 1.110000e-18 1.110000e-18 0.000000e+00
182.990000 9.880000e-19 9.880000e-19 0.000000e+00
183.860000 9.140000e-19 9.140000e-19 0.000000e+00
184.690000 8.210000e-19 8.210000e-19 0.000000e+00
185.700000 7.780000e-19 7.780000e-19 0.000000e+00
186.750000 7.550000e-19 7.550000e-19 0.000000e+00
187.710000 7.020000e-19 7.020000e-19 0.000000e+00
188.670000 6.580000e-19 6.580000e-19 0.000000e+00
189.500000 6.010000e-19 6.010000e-19 0.000000e+00
190.460000 5.700000e-19 5.700000e-19 0.000000e+00
191.290000 5.240000e-19 5.240000e-19 0.000000e+00
192.020000 4.570000e-19 4.570000e-19 0.000000e+00
192.660000 4.050000e-19 4.050000e-19 0.000000e+00
193.260000 3.600000e-19 3.600000e-19 0.000000e+00
193.640000 4.070000e-19 4.070000e-19 0.000000e+00
193.730000 2.730000e-19 2.730000e-19 0.000000e+00
193.990000 3.300000e-19 3.300000e-19 0.000000e+00
194.280000 2.830000e-19 2.830000e-19 0.000000e+00
194.630000 2.480000e-19 2.480000e-19 0.000000e+00
194.920000 2.190000e-19 2.190000e-19 0.000000e+00
195.210000 2.310000e-19 2.310000e-19 0.000000e+00
195.560000 2.040000e-19 2.040000e-19 0.000000e+00
195.770000 1.630000e-19 1.630000e-19 0.000000e+00
195.860000 1.380000e-19 1.380000e-19 0.000000e+00
196.470000 1.210000e-19 1.210000e-19 0.000000e+00
196.520000 1.470000e-19 1.470000e-19 0.000000e+00
196.980000 1.300000e-19 1.300000e-19 0.000000e+00
197.010000 1.300000e-19 1.300000e-19 0.000000e+00
197.330000 1.430000e-19 1.430000e-19 0.000000e+00
197.460000 1.640000e-19 1.640000e-19 0.000000e+00
198.040000 1.890000e-19 1.890000e-19 0.000000e+00
198.470000 1.680000e-19 1.680000e-19 0.000000e+00
198.760000 1.920000e-19 1.920000e-19 0.000000e+00
199.070000 2.230000e-19 2.230000e-19 0.000000e+00
199.270000 2.330000e-19 2.330000e-19 0.000000e+00
199.540000 1.980000e-19 1.980000e-19 0.000000e+00
199.710000 1.870000e-19 1.870000e-19 0.000000e+00
200.130000 2.190000e-19 2.190000e-19 0.000000e+00
200.820000 2.550000e-19 2.550000e-19 0.000000e+00
201.510000 2.460000e-19 2.460000e-19 0.000000e+00
201.960000 3.240000e-19 3.240000e-19 0.000000e+00
202.230000 2.840000e-19 2.840000e-19 0.000000e+00
202.520000 2.450000e-19 2.450000e-19 0.000000e+00
202.720000 2.970000e-19 2.970000e-19 0.000000e+00
202.860000 3.400000e-19 3.400000e-19 0.000000e+00
203.210000 2.850000e-19 2.850000e-19 0.000000e+00
203.330000 2.650000e-19 2.650000e-19 0.000000e+00
203.560000 2.540000e-19 2.540000e-19 0.000000e+00
203.880000 2.360000e-19 2.360000e-19 0.000000e+00
203.960000 2.230000e-19 2.230000e-19 0.000000e+00
204.270000 2.600000e-19 2.600000e-19 0.000000e+00
204.540000 2.410000e-19 2.410000e-19 0.000000e+00
204.650000 2.230000e-19 2.230000e-19 0.000000e+00
204.970000 2.500000e-19 2.500000e-19 0.000000e+00
205.450000 2.790000e-19 2.790000e-19 0.000000e+00
205.830000 2.490000e-19 2.490000e-19 0.000000e+00
206.170000 2.750000e-19 2.750000e-19 0.000000e+00
206.520000 2.920000e-19 2.920000e-19 0.000000e+00
206.840000 2.570000e-19 2.570000e-19 0.000000e+00
207.060000 2.940000e-19 2.940000e-19 0.000000e+00
207.350000 3.380000e-19 3.380000e-19 0.000000e+00
207.570000 3.980000e-19 3.980000e-19 0.000000e+00
207.690000 3.340000e-19 3.340000e-19 0.000000e+00
207.990000 2.950000e-19 2.950000e-19 0.000000e+00
208.500000 3.200000e-19 3.200000e-19 0.000000e+00
208.870000 4.000000e-19 4.000000e-19 0.000000e+00
209.030000 4.550000e-19 4.550000e-19 0.000000e+00
209.800000 4.530000e-19 4.530000e-19 0.000000e+00
210.130000 4.880000e-19 4.880000e-19 0.000000e+00
210.360000 4.720000e-19 4.720000e-19 0.000000e+00
210.580000 5.870000e-19 5.870000e-19 0.000000e+00
210.790000 4.970000e-19 4.970000e-19 0.000000e+00
211.080000 4.340000e-19 4.340000e-19 0.000000e+00
211.340000 5.400000e-19 5.400000e-19 0.000000e+00
211.440000 6.890000e-19 6.890000e-19 0.000000e+00
211.550000 9.280000e-19 9.280000e-19 0.000000e+00
211.760000 7.050000e-19 7.050000e-19 0.000000e+00
211.850000 5.650000e-19 5.650000e-19 0.000000e+00
211.940000 4.730000e-19 4.730000e-19 0.000000e+00
212.320000 4.240000e-19 4.240000e-19 0.000000e+00
212.920000 3.650000e-19 3.650000e-19 0.000000e+00
213.610000 3.300000e-19 3.300000e-19 0.000000e+00
214.330000 3.940000e-19 3.940000e-19 0.000000e+00
214.370000 4.270000e-19 4.270000e-19 0.000000e+00
214.830000 3.990000e-19 3.990000e-19 0.000000e+00
215.090000 4.350000e-19 4.350000e-19 0.000000e+00
215.410000 3.700000e-19 3.700000e-19 0.000000e+00
215.780000 4.130000e-19 4.130000e-19 0.000000e+00
216.090000 4.730000e-19 4.730000e-19 0.000000e+00
216.350000 4.270000e-19 4.270000e-19 0.000000e+00
216.690000 6.130000e-19 6.130000e-19 0.000000e+00
216.870000 4.780000e-19 4.780000e-19 0.000000e+00
217.020000 4.260000e-19 4.260000e-19 0.000000e+00
217.190000 3.990000e-19 3.990000e-19 0.000000e+00
217.790000 4.240000e-19 4.240000e-19 0.000000e+00
217.940000 4.830000e-19 4.830000e-19 0.000000e+00
218.110000 5.600000e-19 5.600000e-19 0.000000e+00
218.480000 6.430000e-19 6.430000e-19 0.000000e+00
219.210000 6.390000e-19 6.390000e-19 0.000000e+00
219.650000 6.040000e-19 6.040000e-19 0.000000e+00
219.890000 4.830000e-19 4.830000e-19 0.000000e+00
220.000000 5.790000e-19 5.790000e-19 0.000000e+00
220.250000 7.170000e-19 7.170000e-19 0.000000e+00
220.430000 5.810000e-19 5.810000e-19 0.000000e+00
220.700000 5.000000e-19 5.000000e-19 0.000000e+00
220.940000 7.230000e-19 7.230000e-19 0.000000e+00
220.990000 1.120000e-18 1.120000e-18 0.000000e+00
221.150000 1.790000e-18 1.790000e-18 0.000000e+00
221.240000 1.470000e-18 1.470000e-18 0.000000e+00
221.340000 9.910000e-19 9.910000e-19 0.000000e+00
221.370000 7.940000e-19 7.940000e-19 0.000000e+00
221.530000 6.010000e-19 6.010000e-19 0.000000e+00
221.710000 4.800000e-19 4.800000e-19 0.000000e+00
221.800000 4.300000e-19 4.300000e-19 0.000000e+00
222.080000 4.100000e-19 4.100000e-19 0.000000e+00
222.260000 3.520000e-19 3.520000e-19 0.000000e+00
222.430000 2.990000e-19 2.990000e-19 0.000000e+00
222.660000 2.590000e-19 2.590000e-19 0.000000e+00
223.020000 2.350000e-19 2.350000e-19 0.000000e+00
223.480000 2.500000e-19 2.500000e-19 0.000000e+00
223.830000 2.730000e-19 2.730000e-19 0.000000e+00
223.960000 3.300000e-19 3.300000e-19 0.000000e+00
224.100000 4.160000e-19 4.160000e-19 0.000000e+00
224.340000 3.500000e-19 3.500000e-19 0.000000e+00
224.520000 2.670000e-19 2.670000e-19 0.000000e+00
224.950000 2.830000e-19 2.830000e-19 0.000000e+00
