# b"Cross sections for CH2\nConverted from earlier Leiden database cross sections by Alan Heays 2016-02-24\nPhotodissociation source: CH2 P.D. cf. van Dishoeck et al. ('96)\nLines represented with gaussian of width 1.0 nm FWHM\nwavelength: (nm)\nphotoabsorption:    cross section (cm2)\nphotodissociation:  cross section (cm2)"
# 
# wavelength   photoabsorption photodissociation
91.2000000       5.00000e-20       5.00000e-20  0.00000e+00
91.3000000       5.00000e-20       5.00000e-20  0.00000e+00
91.4000000       5.00000e-20       5.00000e-20  0.00000e+00
91.5000000       5.00000e-20       5.00000e-20  0.00000e+00
91.6000000       5.00000e-20       5.00000e-20  0.00000e+00
91.7000000       5.00000e-20       5.00000e-20  0.00000e+00
91.8000000       5.00000e-20       5.00000e-20  0.00000e+00
91.9000000       5.00000e-20       5.00000e-20  0.00000e+00
92.0000000       5.00000e-20       5.00000e-20  0.00000e+00
92.1000000       5.00000e-20       5.00000e-20  0.00000e+00
92.2000000       5.00000e-20       5.00000e-20  0.00000e+00
92.3000000       5.00000e-20       5.00000e-20  0.00000e+00
92.4000000       5.00000e-20       5.00000e-20  0.00000e+00
92.5000000       5.00000e-20       5.00000e-20  0.00000e+00
92.6000000       5.00000e-20       5.00000e-20  0.00000e+00
92.7000000       5.00000e-20       5.00000e-20  0.00000e+00
92.8000000       5.00000e-20       5.00000e-20  0.00000e+00
92.9000000       5.00000e-20       5.00000e-20  0.00000e+00
93.0000000       5.00000e-20       5.00000e-20  0.00000e+00
93.1000000       5.00000e-20       5.00000e-20  0.00000e+00
93.2000000       5.00000e-20       5.00000e-20  0.00000e+00
93.3000000       5.00000e-20       5.00000e-20  0.00000e+00
93.4000000       5.00000e-20       5.00000e-20  0.00000e+00
93.5000000       5.00000e-20       5.00000e-20  0.00000e+00
93.6000000       5.00000e-20       5.00000e-20  0.00000e+00
93.7000000       5.00000e-20       5.00000e-20  0.00000e+00
93.8000000       5.00000e-20       5.00000e-20  0.00000e+00
93.9000000       5.00000e-20       5.00000e-20  0.00000e+00
94.0000000       5.00000e-20       5.00000e-20  0.00000e+00
94.1000000       5.00000e-20       5.00000e-20  0.00000e+00
94.2000000       5.00000e-20       5.00000e-20  0.00000e+00
94.3000000       5.00000e-20       5.00000e-20  0.00000e+00
94.4000000       5.00000e-20       5.00000e-20  0.00000e+00
94.5000000       5.00000e-20       5.00000e-20  0.00000e+00
94.6000000       5.00000e-20       5.00000e-20  0.00000e+00
94.7000000       5.00000e-20       5.00000e-20  0.00000e+00
94.8000000       5.00000e-20       5.00000e-20  0.00000e+00
94.9000000       5.00000e-20       5.00000e-20  0.00000e+00
95.0000000       5.00000e-20       5.00000e-20  0.00000e+00
95.1000000       5.00000e-20       5.00000e-20  0.00000e+00
95.2000000       5.00000e-20       5.00000e-20  0.00000e+00
95.3000000       5.00000e-20       5.00000e-20  0.00000e+00
95.4000000       5.00000e-20       5.00000e-20  0.00000e+00
95.5000000       5.00000e-20       5.00000e-20  0.00000e+00
95.6000000       5.00000e-20       5.00000e-20  0.00000e+00
95.7000000       5.00000e-20       5.00000e-20  0.00000e+00
95.8000000       5.00000e-20       5.00000e-20  0.00000e+00
95.9000000       5.00000e-20       5.00000e-20  0.00000e+00
96.0000000       5.00000e-20       5.00000e-20  0.00000e+00
96.1000000       5.00000e-20       5.00000e-20  0.00000e+00
96.2000000       5.00000e-20       5.00000e-20  0.00000e+00
96.3000000       5.00000e-20       5.00000e-20  0.00000e+00
96.4000000       5.00000e-20       5.00000e-20  0.00000e+00
96.5000000       5.00000e-20       5.00000e-20  0.00000e+00
96.6000000       5.00000e-20       5.00000e-20  0.00000e+00
96.7000000       5.00000e-20       5.00000e-20  0.00000e+00
96.8000000       5.00000e-20       5.00000e-20  0.00000e+00
96.9000000       5.00000e-20       5.00000e-20  0.00000e+00
97.0000000       5.00000e-20       5.00000e-20  0.00000e+00
97.1000000       5.00000e-20       5.00000e-20  0.00000e+00
97.2000000       5.00000e-20       5.00000e-20  0.00000e+00
97.3000000       5.00000e-20       5.00000e-20  0.00000e+00
97.4000000       5.00000e-20       5.00000e-20  0.00000e+00
97.5000000       5.00000e-20       5.00000e-20  0.00000e+00
97.6000000       5.00000e-20       5.00000e-20  0.00000e+00
97.7000000       5.00000e-20       5.00000e-20  0.00000e+00
97.8000000       5.00000e-20       5.00000e-20  0.00000e+00
97.9000000       5.00000e-20       5.00000e-20  0.00000e+00
98.0000000       5.00000e-20       5.00000e-20  0.00000e+00
98.1000000       5.00000e-20       5.00000e-20  0.00000e+00
98.2000000       5.00000e-20       5.00000e-20  0.00000e+00
98.3000000       5.00000e-20       5.00000e-20  0.00000e+00
98.4000000       5.00000e-20       5.00000e-20  0.00000e+00
98.5000000       5.00000e-20       5.00000e-20  0.00000e+00
98.6000000       5.00000e-20       5.00000e-20  0.00000e+00
98.7000000       5.00000e-20       5.00000e-20  0.00000e+00
98.8000000       5.00000e-20       5.00000e-20  0.00000e+00
98.9000000       5.00000e-20       5.00000e-20  0.00000e+00
99.0000000       5.00000e-20       5.00000e-20  0.00000e+00
99.1000000       5.00000e-20       5.00000e-20  0.00000e+00
99.2000000       5.00000e-20       5.00000e-20  0.00000e+00
99.3000000       5.00000e-20       5.00000e-20  0.00000e+00
99.4000000       5.00000e-20       5.00000e-20  0.00000e+00
99.5000000       5.00000e-20       5.00000e-20  0.00000e+00
99.6000000       5.00000e-20       5.00000e-20  0.00000e+00
99.7000000       5.00000e-20       5.00000e-20  0.00000e+00
99.8000000       5.00000e-20       5.00000e-20  0.00000e+00
99.9000000       5.00000e-20       5.00000e-20  0.00000e+00
100.0000000       5.00000e-20       5.00000e-20  0.00000e+00
100.1000000       5.00000e-20       5.00000e-20  0.00000e+00
100.2000000       5.00000e-20       5.00000e-20  0.00000e+00
100.3000000       5.00000e-20       5.00000e-20  0.00000e+00
100.4000000       5.00000e-20       5.00000e-20  0.00000e+00
100.5000000       5.00000e-20       5.00000e-20  0.00000e+00
100.6000000       5.00000e-20       5.00000e-20  0.00000e+00
100.7000000       5.00000e-20       5.00000e-20  0.00000e+00
100.8000000       5.00000e-20       5.00000e-20  0.00000e+00
100.9000000       5.00000e-20       5.00000e-20  0.00000e+00
101.0000000       5.00000e-20       5.00000e-20  0.00000e+00
101.1000000       5.00000e-20       5.00000e-20  0.00000e+00
101.2000000       5.00000e-20       5.00000e-20  0.00000e+00
101.3000000       5.00000e-20       5.00000e-20  0.00000e+00
101.4000000       5.00000e-20       5.00000e-20  0.00000e+00
101.5000000       5.00000e-20       5.00000e-20  0.00000e+00
101.6000000       5.00000e-20       5.00000e-20  0.00000e+00
101.7000000       5.00000e-20       5.00000e-20  0.00000e+00
101.8000000       5.00000e-20       5.00000e-20  0.00000e+00
101.9000000       5.00000e-20       5.00000e-20  0.00000e+00
102.0000000       5.00000e-20       5.00000e-20  0.00000e+00
102.1000000       5.00000e-20       5.00000e-20  0.00000e+00
102.2000000       5.00000e-20       5.00000e-20  0.00000e+00
102.3000000       5.00000e-20       5.00000e-20  0.00000e+00
102.4000000       5.00000e-20       5.00000e-20  0.00000e+00
102.5000000       5.00000e-20       5.00000e-20  0.00000e+00
102.6000000       5.00000e-20       5.00000e-20  0.00000e+00
102.7000000       5.00000e-20       5.00000e-20  0.00000e+00
102.8000000       5.00000e-20       5.00000e-20  0.00000e+00
102.9000000       5.00000e-20       5.00000e-20  0.00000e+00
103.0000000       5.00000e-20       5.00000e-20  0.00000e+00
103.1000000       5.00000e-20       5.00000e-20  0.00000e+00
103.2000000       5.00000e-20       5.00000e-20  0.00000e+00
103.3000000       5.00000e-20       5.00000e-20  0.00000e+00
103.4000000       5.00000e-20       5.00000e-20  0.00000e+00
103.5000000       5.00000e-20       5.00000e-20  0.00000e+00
103.6000000       5.00000e-20       5.00000e-20  0.00000e+00
103.7000000       5.00000e-20       5.00000e-20  0.00000e+00
103.8000000       5.00000e-20       5.00000e-20  0.00000e+00
103.9000000       5.00000e-20       5.00000e-20  0.00000e+00
104.0000000       5.00000e-20       5.00000e-20  0.00000e+00
104.1000000       5.00000e-20       5.00000e-20  0.00000e+00
104.2000000       5.00000e-20       5.00000e-20  0.00000e+00
104.3000000       5.00000e-20       5.00000e-20  0.00000e+00
104.4000000       5.00000e-20       5.00000e-20  0.00000e+00
104.5000000       5.00000e-20       5.00000e-20  0.00000e+00
104.6000000       5.00000e-20       5.00000e-20  0.00000e+00
104.7000000       5.00000e-20       5.00000e-20  0.00000e+00
104.8000000       5.00000e-20       5.00000e-20  0.00000e+00
104.9000000       5.00000e-20       5.00000e-20  0.00000e+00
105.0000000       5.00000e-20       5.00000e-20  0.00000e+00
105.1000000       5.00000e-20       5.00000e-20  0.00000e+00
105.2000000       5.00000e-20       5.00000e-20  0.00000e+00
105.3000000       5.00000e-20       5.00000e-20  0.00000e+00
105.4000000       5.00000e-20       5.00000e-20  0.00000e+00
105.5000000       5.00000e-20       5.00000e-20  0.00000e+00
105.6000000       5.00000e-20       5.00000e-20  0.00000e+00
105.7000000       5.00000e-20       5.00000e-20  0.00000e+00
105.8000000       5.00000e-20       5.00000e-20  0.00000e+00
105.9000000       5.00000e-20       5.00000e-20  0.00000e+00
106.0000000       5.00000e-20       5.00000e-20  0.00000e+00
106.1000000       5.00000e-20       5.00000e-20  0.00000e+00
106.2000000       5.00000e-20       5.00000e-20  0.00000e+00
106.3000000       5.00000e-20       5.00000e-20  0.00000e+00
106.4000000       5.00000e-20       5.00000e-20  0.00000e+00
106.5000000       5.00000e-20       5.00000e-20  0.00000e+00
106.6000000       5.00000e-20       5.00000e-20  0.00000e+00
106.7000000       5.00000e-20       5.00000e-20  0.00000e+00
106.8000000       5.00000e-20       5.00000e-20  0.00000e+00
106.9000000       5.00000e-20       5.00000e-20  0.00000e+00
107.0000000       5.00000e-20       5.00000e-20  0.00000e+00
107.1000000       5.00000e-20       5.00000e-20  0.00000e+00
107.2000000       5.00000e-20       5.00000e-20  0.00000e+00
107.3000000       5.00000e-20       5.00000e-20  0.00000e+00
107.4000000       5.00000e-20       5.00000e-20  0.00000e+00
107.5000000       5.00000e-20       5.00000e-20  0.00000e+00
107.6000000       5.00000e-20       5.00000e-20  0.00000e+00
107.7000000       5.00000e-20       5.00000e-20  0.00000e+00
107.8000000       5.00000e-20       5.00000e-20  0.00000e+00
107.9000000       5.00000e-20       5.00000e-20  0.00000e+00
108.0000000       5.00000e-20       5.00000e-20  0.00000e+00
108.1000000       5.00000e-20       5.00000e-20  0.00000e+00
108.2000000       5.00000e-20       5.00000e-20  0.00000e+00
108.3000000       5.00000e-20       5.00000e-20  0.00000e+00
108.4000000       5.00000e-20       5.00000e-20  0.00000e+00
108.5000000       5.00000e-20       5.00000e-20  0.00000e+00
108.6000000       5.00000e-20       5.00000e-20  0.00000e+00
108.7000000       5.00000e-20       5.00000e-20  0.00000e+00
108.8000000       5.00000e-20       5.00000e-20  0.00000e+00
108.9000000       5.00000e-20       5.00000e-20  0.00000e+00
109.0000000       5.00000e-20       5.00000e-20  0.00000e+00
109.1000000       5.00000e-20       5.00000e-20  0.00000e+00
109.2000000       5.00000e-20       5.00000e-20  0.00000e+00
109.3000000       5.00000e-20       5.00000e-20  0.00000e+00
109.4000000       5.00000e-20       5.00000e-20  0.00000e+00
109.5000000       5.00000e-20       5.00000e-20  0.00000e+00
109.6000000       5.00000e-20       5.00000e-20  0.00000e+00
109.7000000       5.00000e-20       5.00000e-20  0.00000e+00
109.8000000       5.00000e-20       5.00000e-20  0.00000e+00
109.9000000       5.00000e-20       5.00000e-20  0.00000e+00
110.0000000       5.00000e-20       5.00000e-20  0.00000e+00
110.1000000       5.00000e-20       5.00000e-20  0.00000e+00
110.2000000       5.00000e-20       5.00000e-20  0.00000e+00
110.3000000       5.00000e-20       5.00000e-20  0.00000e+00
110.4000000       5.00000e-20       5.00000e-20  0.00000e+00
110.5000000       5.00000e-20       5.00000e-20  0.00000e+00
110.6000000       5.00000e-20       5.00000e-20  0.00000e+00
110.7000000       5.00000e-20       5.00000e-20  0.00000e+00
110.8000000       5.00000e-20       5.00000e-20  0.00000e+00
110.9000000       5.00000e-20       5.00000e-20  0.00000e+00
111.0000000       5.00000e-20       5.00000e-20  0.00000e+00
111.1000000       5.00000e-20       5.00000e-20  0.00000e+00
111.2000000       5.00000e-20       5.00000e-20  0.00000e+00
111.3000000       5.00000e-20       5.00000e-20  0.00000e+00
111.4000000       5.00000e-20       5.00000e-20  0.00000e+00
111.5000000       5.00000e-20       5.00000e-20  0.00000e+00
111.6000000       5.00000e-20       5.00000e-20  0.00000e+00
111.7000000       5.00000e-20       5.00000e-20  0.00000e+00
111.8000000       5.00000e-20       5.00000e-20  0.00000e+00
111.9000000       5.00000e-20       5.00000e-20  0.00000e+00
112.0000000       5.00000e-20       5.00000e-20  0.00000e+00
112.1000000       5.00000e-20       5.00000e-20  0.00000e+00
112.2000000       5.00000e-20       5.00000e-20  0.00000e+00
112.3000000       5.00000e-20       5.00000e-20  0.00000e+00
112.4000000       5.00000e-20       5.00000e-20  0.00000e+00
112.5000000       5.00000e-20       5.00000e-20  0.00000e+00
112.6000000       5.00000e-20       5.00000e-20  0.00000e+00
112.7000000       5.00000e-20       5.00000e-20  0.00000e+00
112.8000000       5.00000e-20       5.00000e-20  0.00000e+00
112.9000000       5.00000e-20       5.00000e-20  0.00000e+00
113.0000000       5.00000e-20       5.00000e-20  0.00000e+00
113.1000000       5.00000e-20       5.00000e-20  0.00000e+00
113.2000000       5.00000e-20       5.00000e-20  0.00000e+00
113.3000000       5.00000e-20       5.00000e-20  0.00000e+00
113.4000000       5.00000e-20       5.00000e-20  0.00000e+00
113.5000000       5.00000e-20       5.00000e-20  0.00000e+00
113.6000000       5.00000e-20       5.00000e-20  0.00000e+00
113.7000000       5.00000e-20       5.00000e-20  0.00000e+00
113.8000000       5.00000e-20       5.00000e-20  0.00000e+00
113.9000000       5.00000e-20       5.00000e-20  0.00000e+00
114.0000000       5.00000e-20       5.00000e-20  0.00000e+00
114.1000000       5.00000e-20       5.00000e-20  0.00000e+00
114.2000000       5.00000e-20       5.00000e-20  0.00000e+00
114.3000000       5.00000e-20       5.00000e-20  0.00000e+00
114.4000000       5.00000e-20       5.00000e-20  0.00000e+00
114.5000000       5.00000e-20       5.00000e-20  0.00000e+00
114.6000000       5.00000e-20       5.00000e-20  0.00000e+00
114.7000000       5.00000e-20       5.00000e-20  0.00000e+00
114.8000000       5.00000e-20       5.00000e-20  0.00000e+00
114.9000000       5.00000e-20       5.00000e-20  0.00000e+00
115.0000000       5.00000e-20       5.00000e-20  0.00000e+00
115.1000000       5.00000e-20       5.00000e-20  0.00000e+00
115.2000000       5.00000e-20       5.00000e-20  0.00000e+00
115.3000000       5.00000e-20       5.00000e-20  0.00000e+00
115.4000000       5.00000e-20       5.00000e-20  0.00000e+00
115.5000000       5.00000e-20       5.00000e-20  0.00000e+00
115.6000000       5.00000e-20       5.00000e-20  0.00000e+00
115.6600000       5.00000e-20       5.00000e-20  0.00000e+00
115.7600000       5.00000e-20       5.00000e-20  0.00000e+00
115.8600000       5.00000e-20       5.00000e-20  0.00000e+00
115.9600000       5.00000e-20       5.00000e-20  0.00000e+00
116.0600000       5.00000e-20       5.00000e-20  0.00000e+00
116.1600000       5.00000e-20       5.00000e-20  0.00000e+00
116.2600000       5.00000e-20       5.00000e-20  0.00000e+00
116.3600000       5.00000e-20       5.00000e-20  0.00000e+00
116.4600000       5.00000e-20       5.00000e-20  0.00000e+00
116.5600000       5.00000e-20       5.00000e-20  0.00000e+00
116.6600000       5.00000e-20       5.00000e-20  0.00000e+00
116.7600000       5.00000e-20       5.00000e-20  0.00000e+00
116.8600000       5.00000e-20       5.00000e-20  0.00000e+00
116.9600000       5.00000e-20       5.00000e-20  0.00000e+00
117.0600000       5.00000e-20       5.00000e-20  0.00000e+00
117.1600000       5.00000e-20       5.00000e-20  0.00000e+00
117.2600000       5.00000e-20       5.00000e-20  0.00000e+00
117.3600000       5.00000e-20       5.00000e-20  0.00000e+00
117.4600000       5.00000e-20       5.00000e-20  0.00000e+00
117.5600000       5.00000e-20       5.00000e-20  0.00000e+00
117.6600000       5.00000e-20       5.00000e-20  0.00000e+00
117.7600000       5.87148e-20       5.87148e-20  0.00000e+00
117.8600000       9.94330e-20       9.94330e-20  0.00000e+00
117.9600000       1.59306e-19       1.59306e-19  0.00000e+00
118.0600000       2.41462e-19       2.41462e-19  0.00000e+00
118.1600000       3.46246e-19       3.46246e-19  0.00000e+00
118.2600000       4.69719e-19       4.69719e-19  0.00000e+00
118.3600000       6.02849e-19       6.02849e-19  0.00000e+00
118.4600000       7.31976e-19       7.31976e-19  0.00000e+00
118.5600000       8.40820e-19       8.40820e-19  0.00000e+00
118.6600000       9.13748e-19       9.13748e-19  0.00000e+00
118.7600000       9.39437e-19       9.39437e-19  0.00000e+00
118.8600000       9.13748e-19       9.13748e-19  0.00000e+00
118.9600000       8.40820e-19       8.40820e-19  0.00000e+00
119.0600000       7.31976e-19       7.31976e-19  0.00000e+00
119.1600000       6.02849e-19       6.02849e-19  0.00000e+00
119.2600000       4.69719e-19       4.69719e-19  0.00000e+00
119.3600000       3.46246e-19       3.46246e-19  0.00000e+00
119.4600000       2.41462e-19       2.41462e-19  0.00000e+00
119.5600000       1.59306e-19       1.59306e-19  0.00000e+00
119.6600000       9.94330e-20       9.94330e-20  0.00000e+00
119.7600000       5.87148e-20       5.87148e-20  0.00000e+00
119.8600000       5.00000e-20       5.00000e-20  0.00000e+00
119.9600000       5.00000e-20       5.00000e-20  0.00000e+00
120.0600000       5.00000e-20       5.00000e-20  0.00000e+00
120.1600000       5.00000e-20       5.00000e-20  0.00000e+00
120.2600000       5.00000e-20       5.00000e-20  0.00000e+00
120.3600000       5.00000e-20       5.00000e-20  0.00000e+00
120.4600000       5.00000e-20       5.00000e-20  0.00000e+00
120.5600000       5.00000e-20       5.00000e-20  0.00000e+00
120.6600000       5.00000e-20       5.00000e-20  0.00000e+00
120.7600000       5.00000e-20       5.00000e-20  0.00000e+00
120.8600000       5.00000e-20       5.00000e-20  0.00000e+00
120.9600000       5.00000e-20       5.00000e-20  0.00000e+00
121.0600000       5.00000e-20       5.00000e-20  0.00000e+00
121.1600000       5.00000e-20       5.00000e-20  0.00000e+00
121.2600000       5.00000e-20       5.00000e-20  0.00000e+00
121.3600000       5.00000e-20       5.00000e-20  0.00000e+00
121.4600000       5.00000e-20       5.00000e-20  0.00000e+00
121.5600000       5.00000e-20       5.00000e-20  0.00000e+00
121.6600000       5.00000e-20       5.00000e-20  0.00000e+00
121.7600000       5.00000e-20       5.00000e-20  0.00000e+00
121.8600000       5.00000e-20       5.00000e-20  0.00000e+00
121.9600000       5.00000e-20       5.00000e-20  0.00000e+00
122.0600000       5.00000e-20       5.00000e-20  0.00000e+00
122.1600000       5.00000e-20       5.00000e-20  0.00000e+00
122.2600000       5.00000e-20       5.00000e-20  0.00000e+00
122.3600000       5.00000e-20       5.00000e-20  0.00000e+00
122.4600000       5.00000e-20       5.00000e-20  0.00000e+00
122.5600000       7.85417e-20       7.85417e-20  0.00000e+00
122.6600000       1.62535e-19       1.62535e-19  0.00000e+00
122.7600000       3.24928e-19       3.24928e-19  0.00000e+00
122.8600000       6.21361e-19       6.21361e-19  0.00000e+00
122.9600000       1.13056e-18       1.13056e-18  0.00000e+00
123.0600000       1.95175e-18       1.95175e-18  0.00000e+00
123.1600000       3.19234e-18       3.19234e-18  0.00000e+00
123.2600000       4.94348e-18       4.94348e-18  0.00000e+00
123.3600000       7.24499e-18       7.24499e-18  0.00000e+00
123.4600000       1.00471e-17       1.00471e-17  0.00000e+00
123.5600000       1.31827e-17       1.31827e-17  0.00000e+00
123.6600000       1.63645e-17       1.63645e-17  0.00000e+00
123.7600000       1.92191e-17       1.92191e-17  0.00000e+00
123.8600000       2.13542e-17       2.13542e-17  0.00000e+00
123.9600000       2.24468e-17       2.24468e-17  0.00000e+00
124.0600000       2.23226e-17       2.23226e-17  0.00000e+00
124.1600000       2.10017e-17       2.10017e-17  0.00000e+00
124.2600000       1.86931e-17       1.86931e-17  0.00000e+00
124.3600000       1.57407e-17       1.57407e-17  0.00000e+00
124.4600000       1.25397e-17       1.25397e-17  0.00000e+00
124.5600000       9.45077e-18       9.45077e-18  0.00000e+00
124.6600000       6.73854e-18       6.73854e-18  0.00000e+00
124.7600000       4.54553e-18       4.54553e-18  0.00000e+00
124.8600000       2.90094e-18       2.90094e-18  0.00000e+00
124.9600000       1.75180e-18       1.75180e-18  0.00000e+00
125.0600000       1.00160e-18       1.00160e-18  0.00000e+00
125.1600000       5.43793e-19       5.43793e-19  0.00000e+00
125.2600000       2.84089e-19       2.84089e-19  0.00000e+00
125.3600000       1.51089e-19       1.51089e-19  0.00000e+00
125.4600000       9.82401e-20       9.82401e-20  0.00000e+00
125.5600000       1.01073e-19       1.01073e-19  0.00000e+00
125.6600000       1.52805e-19       1.52805e-19  0.00000e+00
125.7600000       2.59798e-19       2.59798e-19  0.00000e+00
125.8600000       4.36971e-19       4.36971e-19  0.00000e+00
125.9600000       7.02493e-19       7.02493e-19  0.00000e+00
126.0600000       1.07123e-18       1.07123e-18  0.00000e+00
126.1600000       1.54723e-18       1.54723e-18  0.00000e+00
126.2600000       2.11693e-18       2.11693e-18  0.00000e+00
126.3600000       2.74565e-18       2.74565e-18  0.00000e+00
126.4600000       3.38002e-18       3.38002e-18  0.00000e+00
126.5600000       3.95757e-18       3.95757e-18  0.00000e+00
126.6600000       4.42184e-18       4.42184e-18  0.00000e+00
126.7600000       4.73864e-18       4.73864e-18  0.00000e+00
126.8600000       4.90707e-18       4.90707e-18  0.00000e+00
126.9600000       4.96030e-18       4.96030e-18  0.00000e+00
127.0600000       4.95424e-18       4.95424e-18  0.00000e+00
127.1600000       4.94716e-18       4.94716e-18  0.00000e+00
127.2600000       4.97774e-18       4.97774e-18  0.00000e+00
127.3600000       5.04973e-18       5.04973e-18  0.00000e+00
127.4600000       5.12963e-18       5.12963e-18  0.00000e+00
127.5600000       5.15836e-18       5.15836e-18  0.00000e+00
127.6600000       5.07244e-18       5.07244e-18  0.00000e+00
127.7600000       4.82654e-18       4.82654e-18  0.00000e+00
127.8600000       4.40911e-18       4.40911e-18  0.00000e+00
127.9600000       3.84603e-18       3.84603e-18  0.00000e+00
128.0600000       3.19218e-18       3.19218e-18  0.00000e+00
128.1600000       2.51540e-18       2.51540e-18  0.00000e+00
128.2600000       1.87919e-18       1.87919e-18  0.00000e+00
128.3600000       1.32988e-18       1.32988e-18  0.00000e+00
128.4600000       8.91062e-19       8.91062e-19  0.00000e+00
128.5600000       5.65101e-19       5.65101e-19  0.00000e+00
128.6600000       3.39144e-19       3.39144e-19  0.00000e+00
128.7600000       1.92590e-19       1.92590e-19  0.00000e+00
128.8600000       1.03477e-19       1.03477e-19  0.00000e+00
128.9600000       5.26016e-20       5.26016e-20  0.00000e+00
129.0600000       5.00000e-20       5.00000e-20  0.00000e+00
129.1600000       5.00000e-20       5.00000e-20  0.00000e+00
129.2600000       5.00000e-20       5.00000e-20  0.00000e+00
129.3600000       5.00000e-20       5.00000e-20  0.00000e+00
129.4600000       5.00000e-20       5.00000e-20  0.00000e+00
129.5600000       5.00000e-20       5.00000e-20  0.00000e+00
129.6600000       5.00000e-20       5.00000e-20  0.00000e+00
129.7600000       5.00000e-20       5.00000e-20  0.00000e+00
129.8600000       5.00000e-20       5.00000e-20  0.00000e+00
129.9600000       5.00000e-20       5.00000e-20  0.00000e+00
130.0600000       5.00000e-20       5.00000e-20  0.00000e+00
130.1600000       5.00000e-20       5.00000e-20  0.00000e+00
130.2600000       5.00000e-20       5.00000e-20  0.00000e+00
130.3600000       5.00000e-20       5.00000e-20  0.00000e+00
130.4600000       5.00000e-20       5.00000e-20  0.00000e+00
130.5600000       5.00000e-20       5.00000e-20  0.00000e+00
130.6600000       5.00000e-20       5.00000e-20  0.00000e+00
130.7600000       5.00000e-20       5.00000e-20  0.00000e+00
130.8600000       5.00000e-20       5.00000e-20  0.00000e+00
130.9600000       5.00000e-20       5.00000e-20  0.00000e+00
131.0600000       5.00000e-20       5.00000e-20  0.00000e+00
131.1600000       8.26013e-20       8.26013e-20  0.00000e+00
131.2600000       1.46114e-19       1.46114e-19  0.00000e+00
131.3600000       2.44882e-19       2.44882e-19  0.00000e+00
131.4600000       3.88853e-19       3.88853e-19  0.00000e+00
131.5600000       5.85037e-19       5.85037e-19  0.00000e+00
131.6600000       8.33974e-19       8.33974e-19  0.00000e+00
131.7600000       1.12640e-18       1.12640e-18  0.00000e+00
131.8600000       1.44146e-18       1.44146e-18  0.00000e+00
131.9600000       1.74776e-18       1.74776e-18  0.00000e+00
132.0600000       2.00780e-18       2.00780e-18  0.00000e+00
132.1600000       2.18531e-18       2.18531e-18  0.00000e+00
132.2600000       2.25347e-18       2.25347e-18  0.00000e+00
132.3600000       2.20153e-18       2.20153e-18  0.00000e+00
132.4600000       2.03761e-18       2.03761e-18  0.00000e+00
132.5600000       1.78659e-18       1.78659e-18  0.00000e+00
132.6600000       1.48397e-18       1.48397e-18  0.00000e+00
132.7600000       1.16762e-18       1.16762e-18  0.00000e+00
132.8600000       8.70250e-19       8.70250e-19  0.00000e+00
132.9600000       6.14383e-19       6.14383e-19  0.00000e+00
133.0600000       4.10868e-19       4.10868e-19  0.00000e+00
133.1600000       2.60348e-19       2.60348e-19  0.00000e+00
133.2600000       1.56523e-19       1.56523e-19  0.00000e+00
133.3600000       8.98023e-20       8.98023e-20  0.00000e+00
133.4600000       5.03580e-20       5.03580e-20  0.00000e+00
133.5600000       5.00000e-20       5.00000e-20  0.00000e+00
133.6600000       5.00000e-20       5.00000e-20  0.00000e+00
133.7600000       5.00000e-20       5.00000e-20  0.00000e+00
133.8600000       5.00000e-20       5.00000e-20  0.00000e+00
133.9600000       7.55786e-20       7.55786e-20  0.00000e+00
134.0600000       1.23299e-19       1.23299e-19  0.00000e+00
134.1600000       1.91702e-19       1.91702e-19  0.00000e+00
134.2600000       2.82469e-19       2.82469e-19  0.00000e+00
134.3600000       3.93922e-19       3.93922e-19  0.00000e+00
134.4600000       5.19768e-19       5.19768e-19  0.00000e+00
134.5600000       6.48837e-19       6.48837e-19  0.00000e+00
134.6600000       7.66271e-19       7.66271e-19  0.00000e+00
134.7600000       8.56144e-19       8.56144e-19  0.00000e+00
134.8600000       9.04960e-19       9.04960e-19  0.00000e+00
134.9600000       9.04960e-19       9.04960e-19  0.00000e+00
135.0600000       8.56144e-19       8.56144e-19  0.00000e+00
135.1600000       7.66271e-19       7.66271e-19  0.00000e+00
135.2600000       6.48837e-19       6.48837e-19  0.00000e+00
135.3600000       5.19766e-19       5.19766e-19  0.00000e+00
135.4600000       3.93915e-19       3.93915e-19  0.00000e+00
135.5600000       2.82442e-19       2.82442e-19  0.00000e+00
135.6600000       1.91610e-19       1.91610e-19  0.00000e+00
135.7600000       1.23019e-19       1.23019e-19  0.00000e+00
135.8600000       7.48002e-20       7.48002e-20  0.00000e+00
135.9600000       5.00000e-20       5.00000e-20  0.00000e+00
136.0600000       5.00000e-20       5.00000e-20  0.00000e+00
136.1600000       5.00000e-20       5.00000e-20  0.00000e+00
136.2600000       5.00000e-20       5.00000e-20  0.00000e+00
136.3600000       5.00000e-20       5.00000e-20  0.00000e+00
136.4600000       5.00000e-20       5.00000e-20  0.00000e+00
136.5600000       5.00000e-20       5.00000e-20  0.00000e+00
136.6600000       5.00000e-20       5.00000e-20  0.00000e+00
136.7600000       5.00000e-20       5.00000e-20  0.00000e+00
136.8600000       5.00000e-20       5.00000e-20  0.00000e+00
136.9600000       5.00000e-20       5.00000e-20  0.00000e+00
137.0600000       5.00000e-20       5.00000e-20  0.00000e+00
137.1600000       5.00000e-20       5.00000e-20  0.00000e+00
137.2600000       5.00000e-20       5.00000e-20  0.00000e+00
137.3600000       5.00000e-20       5.00000e-20  0.00000e+00
137.4600000       5.00000e-20       5.00000e-20  0.00000e+00
137.5600000       5.00000e-20       5.00000e-20  0.00000e+00
137.6600000       5.00000e-20       5.00000e-20  0.00000e+00
137.7600000       5.00000e-20       5.00000e-20  0.00000e+00
137.8600000       5.00000e-20       5.00000e-20  0.00000e+00
137.9600000       5.00000e-20       5.00000e-20  0.00000e+00
138.0600000       5.00000e-20       5.00000e-20  0.00000e+00
138.1600000       5.00000e-20       5.00000e-20  0.00000e+00
138.2600000       5.00000e-20       5.00000e-20  0.00000e+00
138.3600000       5.00000e-20       5.00000e-20  0.00000e+00
138.4600000       5.00000e-20       5.00000e-20  0.00000e+00
138.5600000       5.00000e-20       5.00000e-20  0.00000e+00
138.6600000       5.00000e-20       5.00000e-20  0.00000e+00
138.7600000       5.00000e-20       5.00000e-20  0.00000e+00
138.8600000       5.05957e-20       5.05957e-20  0.00000e+00
138.9600000       5.77975e-20       5.77975e-20  0.00000e+00
139.0600000       6.24631e-20       6.24631e-20  0.00000e+00
139.1600000       6.38640e-20       6.38640e-20  0.00000e+00
139.2600000       6.17742e-20       6.17742e-20  0.00000e+00
139.3600000       5.65295e-20       5.65295e-20  0.00000e+00
139.4600000       5.00000e-20       5.00000e-20  0.00000e+00
139.5600000       5.00000e-20       5.00000e-20  0.00000e+00
139.6600000       5.00000e-20       5.00000e-20  0.00000e+00
139.7600000       5.00000e-20       5.00000e-20  0.00000e+00
139.8600000       5.00000e-20       5.00000e-20  0.00000e+00
139.9600000       5.00000e-20       5.00000e-20  0.00000e+00
140.0600000       5.00000e-20       5.00000e-20  0.00000e+00
140.1600000       5.00000e-20       5.00000e-20  0.00000e+00
140.2600000       5.00000e-20       5.00000e-20  0.00000e+00
140.3600000       5.00000e-20       5.00000e-20  0.00000e+00
140.4600000       5.00000e-20       5.00000e-20  0.00000e+00
140.5600000       5.00000e-20       5.00000e-20  0.00000e+00
140.6600000       5.00000e-20       5.00000e-20  0.00000e+00
140.7600000       5.00000e-20       5.00000e-20  0.00000e+00
140.8600000       8.39822e-20       8.39822e-20  0.00000e+00
140.9600000       1.69820e-19       1.69820e-19  0.00000e+00
141.0600000       3.24932e-19       3.24932e-19  0.00000e+00
141.1600000       5.88248e-19       5.88248e-19  0.00000e+00
141.2600000       1.00763e-18       1.00763e-18  0.00000e+00
141.3600000       1.63321e-18       1.63321e-18  0.00000e+00
141.4600000       2.50515e-18       2.50515e-18  0.00000e+00
141.5600000       3.63711e-18       3.63711e-18  0.00000e+00
141.6600000       4.99964e-18       4.99964e-18  0.00000e+00
141.7600000       6.51014e-18       6.51014e-18  0.00000e+00
141.8600000       8.03610e-18       8.03610e-18  0.00000e+00
141.9600000       9.41558e-18       9.41558e-18  0.00000e+00
142.0600000       1.04922e-17       1.04922e-17  0.00000e+00
142.1600000       1.11553e-17       1.11553e-17  0.00000e+00
142.2600000       1.13721e-17       1.13721e-17  0.00000e+00
142.3600000       1.11983e-17       1.11983e-17  0.00000e+00
142.4600000       1.07624e-17       1.07624e-17  0.00000e+00
142.5600000       1.02275e-17       1.02275e-17  0.00000e+00
142.6600000       9.74321e-18       9.74321e-18  0.00000e+00
142.7600000       9.40412e-18       9.40412e-18  0.00000e+00
142.7600000       9.40512e-18       9.40512e-18  0.00000e+00
142.8600000       9.23017e-18       9.23017e-18  0.00000e+00
142.9600000       9.16265e-18       9.16265e-18  0.00000e+00
143.0600000       9.09854e-18       9.09854e-18  0.00000e+00
143.1600000       8.92200e-18       8.92200e-18  0.00000e+00
143.2600000       8.54117e-18       8.54117e-18  0.00000e+00
143.3600000       7.91302e-18       7.91302e-18  0.00000e+00
143.4600000       7.05151e-18       7.05151e-18  0.00000e+00
143.5600000       6.01953e-18       6.01953e-18  0.00000e+00
143.6600000       4.90925e-18       4.90925e-18  0.00000e+00
143.7600000       3.81834e-18       3.81834e-18  0.00000e+00
143.8600000       2.82916e-18       2.82916e-18  0.00000e+00
143.9600000       1.99579e-18       1.99579e-18  0.00000e+00
144.0600000       1.34048e-18       1.34048e-18  0.00000e+00
144.1600000       8.58092e-19       8.58092e-19  0.00000e+00
144.2600000       5.24985e-19       5.24985e-19  0.00000e+00
144.3600000       3.08951e-19       3.08951e-19  0.00000e+00
144.4600000       1.77308e-19       1.77308e-19  0.00000e+00
144.5600000       1.01983e-19       1.01983e-19  0.00000e+00
144.6600000       6.16225e-20       6.16225e-20  0.00000e+00
144.7600000       5.00000e-20       5.00000e-20  0.00000e+00
144.8600000       5.00000e-20       5.00000e-20  0.00000e+00
144.9600000       5.00000e-20       5.00000e-20  0.00000e+00
145.0600000       5.00000e-20       5.00000e-20  0.00000e+00
145.1600000       5.00000e-20       5.00000e-20  0.00000e+00
145.2600000       5.00000e-20       5.00000e-20  0.00000e+00
145.3600000       5.00000e-20       5.00000e-20  0.00000e+00
145.4600000       5.00000e-20       5.00000e-20  0.00000e+00
145.5600000       5.00000e-20       5.00000e-20  0.00000e+00
145.6600000       5.00000e-20       5.00000e-20  0.00000e+00
145.7600000       5.00000e-20       5.00000e-20  0.00000e+00
145.8600000       5.00000e-20       5.00000e-20  0.00000e+00
145.9600000       5.00000e-20       5.00000e-20  0.00000e+00
146.0600000       5.00000e-20       5.00000e-20  0.00000e+00
146.1600000       5.00000e-20       5.00000e-20  0.00000e+00
146.2600000       5.00000e-20       5.00000e-20  0.00000e+00
146.4300000       5.00000e-20       5.00000e-20  0.00000e+00
147.3700000       5.24532e-20       5.24532e-20  0.00000e+00
147.4700000       5.35693e-20       5.35693e-20  0.00000e+00
147.5700000       5.46855e-20       5.46855e-20  0.00000e+00
147.6700000       5.58016e-20       5.58016e-20  0.00000e+00
147.7700000       5.69177e-20       5.69177e-20  0.00000e+00
147.8700000       5.80339e-20       5.80339e-20  0.00000e+00
147.9700000       5.91502e-20       5.91502e-20  0.00000e+00
148.0700000       6.02671e-20       6.02671e-20  0.00000e+00
148.1700000       6.13859e-20       6.13859e-20  0.00000e+00
148.2700000       6.25112e-20       6.25112e-20  0.00000e+00
148.3700000       6.36567e-20       6.36567e-20  0.00000e+00
148.4700000       6.48624e-20       6.48624e-20  0.00000e+00
148.5700000       6.62355e-20       6.62355e-20  0.00000e+00
148.6700000       6.80475e-20       6.80475e-20  0.00000e+00
148.7700000       7.09414e-20       7.09414e-20  0.00000e+00
148.8700000       7.63418e-20       7.63418e-20  0.00000e+00
148.9700000       8.71917e-20       8.71917e-20  0.00000e+00
149.0700000       1.09148e-19       1.09148e-19  0.00000e+00
149.1700000       1.52286e-19       1.52286e-19  0.00000e+00
149.2700000       2.33146e-19       2.33146e-19  0.00000e+00
149.3700000       3.76542e-19       3.76542e-19  0.00000e+00
149.4700000       6.16068e-19       6.16068e-19  0.00000e+00
149.5700000       9.91792e-19       9.91792e-19  0.00000e+00
149.6700000       1.54374e-18       1.54374e-18  0.00000e+00
149.7700000       2.30069e-18       2.30069e-18  0.00000e+00
149.8700000       3.26582e-18       3.26582e-18  0.00000e+00
149.9700000       4.40288e-18       4.40288e-18  0.00000e+00
150.0700000       5.62880e-18       5.62880e-18  0.00000e+00
150.1700000       6.81789e-18       6.81789e-18  0.00000e+00
150.2700000       7.82036e-18       7.82036e-18  0.00000e+00
150.3700000       8.49242e-18       8.49242e-18  0.00000e+00
150.4700000       8.72988e-18       8.72988e-18  0.00000e+00
150.5700000       8.49465e-18       8.49465e-18  0.00000e+00
150.6700000       7.82483e-18       7.82483e-18  0.00000e+00
150.7700000       6.82458e-18       6.82458e-18  0.00000e+00
150.8700000       5.63773e-18       5.63773e-18  0.00000e+00
150.9700000       4.41405e-18       4.41405e-18  0.00000e+00
151.0700000       3.27921e-18       3.27921e-18  0.00000e+00
151.1700000       2.31632e-18       2.31632e-18  0.00000e+00
151.2700000       1.56159e-18       1.56159e-18  0.00000e+00
151.3700000       1.01188e-18       1.01188e-18  0.00000e+00
151.4700000       6.38391e-19       6.38391e-19  0.00000e+00
151.5700000       4.01096e-19       4.01096e-19  0.00000e+00
151.6300000       3.07201e-19       3.07201e-19  0.00000e+00
151.6700000       2.63537e-19       2.63537e-19  0.00000e+00
151.7700000       1.93921e-19       1.93921e-19  0.00000e+00
151.8700000       1.62025e-19       1.62025e-19  0.00000e+00
151.9700000       1.51312e-19       1.51312e-19  0.00000e+00
152.0700000       1.51705e-19       1.51705e-19  0.00000e+00
152.1700000       1.57548e-19       1.57548e-19  0.00000e+00
152.2700000       1.65897e-19       1.65897e-19  0.00000e+00
152.3700000       1.75328e-19       1.75328e-19  0.00000e+00
152.4700000       1.85198e-19       1.85198e-19  0.00000e+00
152.5700000       1.95235e-19       1.95235e-19  0.00000e+00
152.6700000       2.05333e-19       2.05333e-19  0.00000e+00
152.7700000       2.15450e-19       2.15450e-19  0.00000e+00
152.8700000       2.25575e-19       2.25575e-19  0.00000e+00
152.9700000       2.35701e-19       2.35701e-19  0.00000e+00
153.0700000       2.45827e-19       2.45827e-19  0.00000e+00
153.1700000       2.55954e-19       2.55954e-19  0.00000e+00
153.2700000       2.66081e-19       2.66081e-19  0.00000e+00
153.3700000       2.76208e-19       2.76208e-19  0.00000e+00
153.5700000       2.96462e-19       2.96462e-19  0.00000e+00
155.4500000       4.86848e-19       4.86848e-19  0.00000e+00
155.5500000       4.96975e-19       4.96975e-19  0.00000e+00
155.5700000       4.99000e-19       4.99000e-19  0.00000e+00
155.6500000       5.16619e-19       5.16619e-19  0.00000e+00
155.7500000       5.38643e-19       5.38643e-19  0.00000e+00
155.8500000       5.60667e-19       5.60667e-19  0.00000e+00
155.9500000       5.82690e-19       5.82690e-19  0.00000e+00
156.0500000       6.04714e-19       6.04714e-19  0.00000e+00
156.1500000       6.26738e-19       6.26738e-19  0.00000e+00
156.2500000       6.48762e-19       6.48762e-19  0.00000e+00
156.3500000       6.70787e-19       6.70787e-19  0.00000e+00
156.4100000       6.84002e-19       6.84002e-19  0.00000e+00
156.4500000       6.92756e-19       6.92756e-19  0.00000e+00
156.5500000       7.14644e-19       7.14644e-19  0.00000e+00
156.6500000       7.36544e-19       7.36544e-19  0.00000e+00
156.7500000       7.58473e-19       7.58473e-19  0.00000e+00
156.8500000       7.80475e-19       7.80475e-19  0.00000e+00
156.9500000       8.02646e-19       8.02646e-19  0.00000e+00
157.0500000       8.25185e-19       8.25185e-19  0.00000e+00
157.1500000       8.48471e-19       8.48471e-19  0.00000e+00
157.2500000       8.73186e-19       8.73186e-19  0.00000e+00
157.2600000       8.75774e-19       8.75774e-19  0.00000e+00
157.3500000       9.01071e-19       9.01071e-19  0.00000e+00
157.4500000       9.33240e-19       9.33240e-19  0.00000e+00
157.5500000       9.71888e-19       9.71888e-19  0.00000e+00
157.6500000       1.01971e-18       1.01971e-18  0.00000e+00
157.7500000       1.07942e-18       1.07942e-18  0.00000e+00
157.8500000       1.15294e-18       1.15294e-18  0.00000e+00
157.8800000       1.17779e-18       1.17779e-18  0.00000e+00
157.9500000       1.24220e-18       1.24220e-18  0.00000e+00
158.0500000       1.34380e-18       1.34380e-18  0.00000e+00
158.1200000       1.41896e-18       1.41896e-18  0.00000e+00
158.1500000       1.45195e-18       1.45195e-18  0.00000e+00
158.2500000       1.55893e-18       1.55893e-18  0.00000e+00
158.3500000       1.65350e-18       1.65350e-18  0.00000e+00
158.4500000       1.72608e-18       1.72608e-18  0.00000e+00
158.5500000       1.76981e-18       1.76981e-18  0.00000e+00
158.6500000       1.78231e-18       1.78231e-18  0.00000e+00
158.7500000       1.76635e-18       1.76635e-18  0.00000e+00
158.8500000       1.72910e-18       1.72910e-18  0.00000e+00
158.9500000       1.68031e-18       1.68031e-18  0.00000e+00
158.9800000       1.66494e-18       1.66494e-18  0.00000e+00
159.0500000       1.63029e-18       1.63029e-18  0.00000e+00
159.1500000       1.58696e-18       1.58696e-18  0.00000e+00
159.2500000       1.55517e-18       1.55517e-18  0.00000e+00
159.3500000       1.53664e-18       1.53664e-18  0.00000e+00
159.4500000       1.53045e-18       1.53045e-18  0.00000e+00
159.5500000       1.53409e-18       1.53409e-18  0.00000e+00
159.6500000       1.54459e-18       1.54459e-18  0.00000e+00
159.7500000       1.55939e-18       1.55939e-18  0.00000e+00
159.8500000       1.57666e-18       1.57666e-18  0.00000e+00
159.8600000       1.57848e-18       1.57848e-18  0.00000e+00
159.9500000       1.59618e-18       1.59618e-18  0.00000e+00
160.0500000       1.61689e-18       1.61689e-18  0.00000e+00
160.1500000       1.63868e-18       1.63868e-18  0.00000e+00
160.1800000       1.64544e-18       1.64544e-18  0.00000e+00
160.2500000       2.66600e-18       2.66600e-18  0.00000e+00
160.3500000       4.12494e-18       4.12494e-18  0.00000e+00
160.4500000       5.58496e-18       5.58496e-18  0.00000e+00
160.4500000       5.58496e-18       5.58496e-18  0.00000e+00
160.5500000       2.81932e-18       2.81932e-18  0.00000e+00
160.5600000       2.54280e-18       2.54280e-18  0.00000e+00
160.6200000       4.83199e-18       4.83199e-18  0.00000e+00
160.6500000       4.39417e-18       4.39417e-18  0.00000e+00
160.7400000       3.08095e-18       3.08095e-18  0.00000e+00
160.7500000       3.36089e-18       3.36089e-18  0.00000e+00
160.7500000       3.36089e-18       3.36089e-18  0.00000e+00
160.8500000       5.57920e-18       5.57920e-18  0.00000e+00
160.9100000       6.91029e-18       6.91029e-18  0.00000e+00
160.9500000       5.66811e-18       5.66811e-18  0.00000e+00
161.0500000       2.56273e-18       2.56273e-18  0.00000e+00
161.1000000       1.01006e-18       1.01006e-18  0.00000e+00
161.1500000       8.52542e-19       8.52542e-19  0.00000e+00
161.2000000       6.95027e-19       6.95027e-19  0.00000e+00
161.2500000       8.42744e-19       8.42744e-19  0.00000e+00
161.3100000       1.02001e-18       1.02001e-18  0.00000e+00
161.3500000       2.10728e-18       2.10728e-18  0.00000e+00
161.4200000       4.01000e-18       4.01000e-18  0.00000e+00
161.4500000       1.77500e-18       1.77500e-18  0.00000e+00
161.4600000       1.03000e-18       1.03000e-18  0.00000e+00
161.5400000       3.84001e-19       3.84001e-19  0.00000e+00
161.5500000       4.50601e-19       4.50601e-19  0.00000e+00
161.6400000       1.05000e-18       1.05000e-18  0.00000e+00
161.6500000       1.11500e-18       1.11500e-18  0.00000e+00
161.6600000       1.18000e-18       1.18000e-18  0.00000e+00
161.7000000       2.24000e-19       2.24000e-19  0.00000e+00
161.7500000       3.22250e-19       3.22250e-19  0.00000e+00
161.8500000       5.18750e-19       5.18750e-19  0.00000e+00
161.9500000       7.15250e-19       7.15250e-19  0.00000e+00
162.0500000       9.11750e-19       9.11750e-19  0.00000e+00
162.1000000       1.01000e-18       1.01000e-18  0.00000e+00
162.1500000       1.21417e-18       1.21417e-18  0.00000e+00
162.2200000       1.50000e-18       1.50000e-18  0.00000e+00
162.2500000       1.73143e-18       1.73143e-18  0.00000e+00
162.2900000       2.04000e-18       2.04000e-18  0.00000e+00
162.3500000       3.13412e-18       3.13412e-18  0.00000e+00
162.4500000       4.95765e-18       4.95765e-18  0.00000e+00
162.4600000       5.14000e-18       5.14000e-18  0.00000e+00
162.5400000       1.14000e-17       1.14000e-17  0.00000e+00
162.5500000       1.63000e-17       1.63000e-17  0.00000e+00
162.5500000       1.63000e-17       1.63000e-17  0.00000e+00
162.6000000       3.47000e-17       3.47000e-17  0.00000e+00
162.6200000       1.42000e-17       1.42000e-17  0.00000e+00
162.6500000       1.07000e-18       1.07000e-18  0.00000e+00
162.6600000       6.41000e-19       6.41000e-19  0.00000e+00
162.6700000       1.08050e-18       1.08050e-18  0.00000e+00
162.6800000       1.52000e-18       1.52000e-18  0.00000e+00
162.6900000       2.54000e-18       2.54000e-18  0.00000e+00
162.7000000       4.67000e-18       4.67000e-18  0.00000e+00
162.7100000       7.92000e-18       7.92000e-18  0.00000e+00
162.7200000       1.48000e-17       1.48000e-17  0.00000e+00
162.7300000       2.85000e-17       2.85000e-17  0.00000e+00
162.7400000       4.79000e-17       4.79000e-17  0.00000e+00
162.7500000       4.01000e-17       4.01000e-17  0.00000e+00
162.7600000       1.89000e-17       1.89000e-17  0.00000e+00
162.7700000       9.42000e-18       9.42000e-18  0.00000e+00
162.7800000       4.63000e-18       4.63000e-18  0.00000e+00
162.8000000       1.71000e-18       1.71000e-18  0.00000e+00
162.8100000       1.22000e-18       1.22000e-18  0.00000e+00
162.8300000       1.72000e-18       1.72000e-18  0.00000e+00
162.8400000       2.42000e-18       2.42000e-18  0.00000e+00
162.8500000       3.15000e-18       3.15000e-18  0.00000e+00
162.8600000       4.42000e-18       4.42000e-18  0.00000e+00
162.8700000       5.80000e-18       5.80000e-18  0.00000e+00
162.8800000       7.48000e-18       7.48000e-18  0.00000e+00
162.8900000       8.58000e-18       8.58000e-18  0.00000e+00
162.9000000       8.80000e-18       8.80000e-18  0.00000e+00
162.9100000       7.77000e-18       7.77000e-18  0.00000e+00
162.9200000       6.36000e-18       6.36000e-18  0.00000e+00
162.9300000       4.83000e-18       4.83000e-18  0.00000e+00
162.9400000       3.71000e-18       3.71000e-18  0.00000e+00
162.9500000       2.75000e-18       2.75000e-18  0.00000e+00
162.9600000       2.14000e-18       2.14000e-18  0.00000e+00
162.9700000       1.60000e-18       1.60000e-18  0.00000e+00
162.9800000       9.70000e-19       9.70000e-19  0.00000e+00
163.1400000       9.42000e-20       9.42000e-20  0.00000e+00
163.2400000       2.03000e-19       2.03000e-19  0.00000e+00
163.4600000       7.43000e-19       7.43000e-19  0.00000e+00
163.5700000       1.01000e-18       1.01000e-18  0.00000e+00
163.8000000       1.50000e-18       1.50000e-18  0.00000e+00
164.0300000       2.03000e-18       2.03000e-18  0.00000e+00
164.2200000       3.03000e-18       3.03000e-18  0.00000e+00
164.3400000       5.09000e-18       5.09000e-18  0.00000e+00
164.3900000       7.48000e-18       7.48000e-18  0.00000e+00
164.4500000       1.03000e-17       1.03000e-17  0.00000e+00
164.5300000       2.01000e-17       2.01000e-17  0.00000e+00
164.5800000       3.05000e-17       3.05000e-17  0.00000e+00
164.6300000       3.82000e-17       3.82000e-17  0.00000e+00
164.6900000       3.03000e-17       3.03000e-17  0.00000e+00
164.7500000       1.98000e-17       1.98000e-17  0.00000e+00
164.8400000       9.80000e-18       9.80000e-18  0.00000e+00
164.9000000       5.09000e-18       5.09000e-18  0.00000e+00
164.9700000       2.02000e-18       2.02000e-18  0.00000e+00
165.0000000       1.54500e-18       1.54500e-18  0.00000e+00
165.0300000       1.07000e-18       1.07000e-18  0.00000e+00
165.0700000       7.21000e-19       7.21000e-19  0.00000e+00
165.1000000       1.10275e-18       1.10275e-18  0.00000e+00
165.1100000       1.23000e-18       1.23000e-18  0.00000e+00
165.2000000       3.94938e-19       3.94938e-19  0.00000e+00
165.2400000       5.00000e-20       5.00000e-20  0.00000e+00
165.3000000       5.00000e-20       5.00000e-20  0.00000e+00
165.3000000       5.00000e-20       5.00000e-20  0.00000e+00
165.3300000       5.00000e-20       5.00000e-20  0.00000e+00
165.4000000       8.08600e-20       8.08600e-20  0.00000e+00
165.4300000       1.03000e-19       1.03000e-19  0.00000e+00
165.5000000       1.67273e-19       1.67273e-19  0.00000e+00
165.6000000       2.59091e-19       2.59091e-19  0.00000e+00
165.6500000       3.05000e-19       3.05000e-19  0.00000e+00
165.7000000       4.21112e-19       4.21112e-19  0.00000e+00
165.7400000       5.14001e-19       5.14001e-19  0.00000e+00
165.8000000       7.47541e-19       7.47541e-19  0.00000e+00
165.8700000       1.02001e-18       1.02001e-18  0.00000e+00
165.9000000       1.12201e-18       1.12201e-18  0.00000e+00
166.0000000       1.46203e-18       1.46203e-18  0.00000e+00
166.0200000       1.53004e-18       1.53004e-18  0.00000e+00
166.0700000       1.84006e-18       1.84006e-18  0.00000e+00
166.1000000       1.67808e-18       1.67808e-18  0.00000e+00
166.1200000       1.57010e-18       1.57010e-18  0.00000e+00
166.2000000       1.18024e-18       1.18024e-18  0.00000e+00
166.2000000       1.18024e-18       1.18024e-18  0.00000e+00
166.2700000       1.85047e-18       1.85047e-18  0.00000e+00
166.2900000       2.07057e-18       2.07057e-18  0.00000e+00
166.3000000       2.46187e-18       2.46187e-18  0.00000e+00
166.3700000       5.20119e-18       5.20119e-18  0.00000e+00
166.4000000       8.80155e-18       8.80155e-18  0.00000e+00
166.4200000       1.12019e-17       1.12019e-17  0.00000e+00
166.4500000       1.37024e-17       1.37024e-17  0.00000e+00
166.4800000       9.76310e-18       9.76310e-18  0.00000e+00
166.5000000       6.91034e-18       6.91034e-18  0.00000e+00
166.5100000       5.48399e-18       5.48399e-18  0.00000e+00
166.5700000       1.92648e-18       1.92648e-18  0.00000e+00
166.6000000       1.47320e-18       1.47320e-18  0.00000e+00
166.6300000       1.02032e-18       1.02032e-18  0.00000e+00
166.6700000       7.92929e-19       7.92929e-19  0.00000e+00
166.7000000       8.56566e-19       8.56566e-19  0.00000e+00
166.8000000       1.07467e-18       1.07467e-18  0.00000e+00
166.8000000       1.07467e-18       1.07467e-18  0.00000e+00
166.9000000       1.85560e-18       1.85560e-18  0.00000e+00
166.9200000       2.01403e-18       2.01403e-18  0.00000e+00
167.0000000       1.90974e-18       1.90974e-18  0.00000e+00
167.0500000       1.85388e-18       1.85388e-18  0.00000e+00
167.1000000       2.19053e-18       2.19053e-18  0.00000e+00
167.1100000       2.25898e-18       2.25898e-18  0.00000e+00
167.1900000       3.29470e-18       3.29470e-18  0.00000e+00
167.2000000       3.54361e-18       3.54361e-18  0.00000e+00
167.2300000       4.29306e-18       4.29306e-18  0.00000e+00
167.2700000       5.43877e-18       5.43877e-18  0.00000e+00
167.3000000       7.22292e-18       7.22292e-18  0.00000e+00
167.3600000       1.08035e-17       1.08035e-17  0.00000e+00
167.4000000       1.72925e-17       1.72925e-17  0.00000e+00
167.4300000       2.21633e-17       2.21633e-17  0.00000e+00
167.5000000       5.28394e-17       5.28394e-17  0.00000e+00
167.5000000       5.28394e-17       5.28394e-17  0.00000e+00
167.5300000       1.06018e-16       1.06018e-16  0.00000e+00
167.5700000       1.46125e-16       1.46125e-16  0.00000e+00
167.5900000       1.35179e-16       1.35179e-16  0.00000e+00
167.6000000       1.18156e-16       1.18156e-16  0.00000e+00
167.6100000       1.01132e-16       1.01132e-16  0.00000e+00
167.6500000       4.85378e-17       4.85378e-17  0.00000e+00
167.6800000       2.96145e-17       2.96145e-17  0.00000e+00
167.7000000       2.22640e-17       2.22640e-17  0.00000e+00
167.7000000       2.22640e-17       2.22640e-17  0.00000e+00
167.7500000       1.23799e-17       1.23799e-17  0.00000e+00
167.8000000       8.48164e-18       8.48164e-18  0.00000e+00
167.8200000       6.91745e-18       6.91745e-18  0.00000e+00
167.8800000       4.92534e-18       4.92534e-18  0.00000e+00
167.9000000       4.57416e-18       4.57416e-18  0.00000e+00
167.9400000       3.86021e-18       3.86021e-18  0.00000e+00
168.0000000       3.29087e-18       3.29087e-18  0.00000e+00
168.0400000       2.89056e-18       2.89056e-18  0.00000e+00
168.1000000       2.39531e-18       2.39531e-18  0.00000e+00
168.1500000       1.95625e-18       1.95625e-18  0.00000e+00
168.2000000       1.80864e-18       1.80864e-18  0.00000e+00
168.2000000       1.80864e-18       1.80864e-18  0.00000e+00
168.2800000       1.52580e-18       1.52580e-18  0.00000e+00
168.3000000       1.47776e-18       1.47776e-18  0.00000e+00
168.4000000       1.21856e-18       1.21856e-18  0.00000e+00
168.4700000       1.03057e-18       1.03057e-18  0.00000e+00
168.5000000       1.01006e-18       1.01006e-18  0.00000e+00
168.5500000       9.80179e-19       9.80179e-19  0.00000e+00
168.6000000       7.76192e-19       7.76192e-19  0.00000e+00
168.6000000       7.76192e-19       7.76192e-19  0.00000e+00
168.6300000       8.40148e-19       8.40148e-19  0.00000e+00
168.6900000       5.36499e-19       5.36499e-19  0.00000e+00
168.7000000       5.25902e-19       5.25902e-19  0.00000e+00
168.7800000       4.57785e-19       4.57785e-19  0.00000e+00
168.8000000       4.65157e-19       4.65157e-19  0.00000e+00
168.8900000       5.19985e-19       5.19985e-19  0.00000e+00
168.9000000       5.51266e-19       5.51266e-19  0.00000e+00
168.9400000       6.80158e-19       6.80158e-19  0.00000e+00
169.0000000       1.14743e-18       1.14743e-18  0.00000e+00
169.0000000       1.14743e-18       1.14743e-18  0.00000e+00
169.0600000       2.26336e-18       2.26336e-18  0.00000e+00
169.1000000       3.22160e-18       3.22160e-18  0.00000e+00
169.1100000       3.46170e-18       3.46170e-18  0.00000e+00
169.1600000       1.91504e-18       1.91504e-18  0.00000e+00
169.1800000       1.34956e-18       1.34956e-18  0.00000e+00
169.1900000       8.62046e-19       8.62046e-19  0.00000e+00
169.2000000       6.78921e-19       6.78921e-19  0.00000e+00
169.2300000       1.30326e-19       1.30326e-19  0.00000e+00
169.3000000       1.06893e-19       1.06893e-19  0.00000e+00
169.4000000       7.99827e-20       7.99827e-20  0.00000e+00
169.5000000       5.76772e-20       5.76772e-20  0.00000e+00
169.6000000       5.00000e-20       5.00000e-20  0.00000e+00
169.6300000       5.00000e-20       5.00000e-20  0.00000e+00
169.6800000       1.09751e-19       1.09751e-19  0.00000e+00
169.7000000       1.54479e-19       1.54479e-19  0.00000e+00
169.8000000       3.78379e-19       3.78379e-19  0.00000e+00
169.8200000       4.23193e-19       4.23193e-19  0.00000e+00
169.9000000       6.07085e-19       6.07085e-19  0.00000e+00
169.9200000       6.53068e-19       6.53068e-19  0.00000e+00
170.0000000       9.54629e-19       9.54629e-19  0.00000e+00
170.0200000       1.03002e-18       1.03002e-18  0.00000e+00
170.1000000       1.56868e-18       1.56868e-18  0.00000e+00
170.1700000       2.04000e-18       2.04000e-18  0.00000e+00
170.1800000       2.22000e-18       2.22000e-18  0.00000e+00
170.2000000       2.48000e-18       2.48000e-18  0.00000e+00
170.2500000       3.13000e-18       3.13000e-18  0.00000e+00
170.3000000       4.29111e-18       4.29111e-18  0.00000e+00
170.3400000       5.22000e-18       5.22000e-18  0.00000e+00
170.4000000       8.04545e-18       8.04545e-18  0.00000e+00
170.4500000       1.04000e-17       1.04000e-17  0.00000e+00
170.5000000       1.72125e-17       1.72125e-17  0.00000e+00
170.5300000       2.13000e-17       2.13000e-17  0.00000e+00
170.6000000       4.95000e-17       4.95000e-17  0.00000e+00
170.6000000       4.95000e-17       4.95000e-17  0.00000e+00
170.6600000       1.00000e-16       1.00000e-16  0.00000e+00
170.7000000       1.33600e-16       1.33600e-16  0.00000e+00
170.7100000       1.42000e-16       1.42000e-16  0.00000e+00
170.7500000       9.96000e-17       9.96000e-17  0.00000e+00
170.7900000       5.56000e-17       5.56000e-17  0.00000e+00
170.8000000       4.97250e-17       4.97250e-17  0.00000e+00
170.8300000       3.21000e-17       3.21000e-17  0.00000e+00
170.8800000       2.00000e-17       2.00000e-17  0.00000e+00
170.9000000       1.72000e-17       1.72000e-17  0.00000e+00
170.9500000       1.02000e-17       1.02000e-17  0.00000e+00
171.0400000       5.01000e-18       5.01000e-18  0.00000e+00
171.1000000       3.59250e-18       3.59250e-18  0.00000e+00
171.1200000       3.12000e-18       3.12000e-18  0.00000e+00
171.1800000       2.30000e-18       2.30000e-18  0.00000e+00
171.2000000       2.01000e-18       2.01000e-18  0.00000e+00
171.2500000       1.51000e-18       1.51000e-18  0.00000e+00
171.3200000       1.06000e-18       1.06000e-18  0.00000e+00
171.4100000       6.25000e-19       6.25000e-19  0.00000e+00
171.5700000       2.14000e-19       2.14000e-19  0.00000e+00
171.6100000       1.73000e-19       1.73000e-19  0.00000e+00
171.6500000       2.18000e-19       2.18000e-19  0.00000e+00
171.6800000       5.08000e-19       5.08000e-19  0.00000e+00
171.6900000       9.17000e-19       9.17000e-19  0.00000e+00
171.7000000       1.74000e-18       1.74000e-18  0.00000e+00
171.7100000       3.59000e-18       3.59000e-18  0.00000e+00
171.7200000       4.48000e-18       4.48000e-18  0.00000e+00
171.7300000       2.91000e-18       2.91000e-18  0.00000e+00
171.7400000       1.65000e-18       1.65000e-18  0.00000e+00
171.7500000       1.01000e-18       1.01000e-18  0.00000e+00
171.7700000       4.85000e-19       4.85000e-19  0.00000e+00
171.8000000       2.24000e-19       2.24000e-19  0.00000e+00
171.8200000       1.36000e-19       1.36000e-19  0.00000e+00
172.0700000       1.20000e-19       1.20000e-19  0.00000e+00
172.1700000       5.53000e-19       5.53000e-19  0.00000e+00
172.2000000       1.01000e-18       1.01000e-18  0.00000e+00
172.2100000       1.11000e-18       1.11000e-18  0.00000e+00
172.2400000       1.87000e-18       1.87000e-18  0.00000e+00
172.2900000       3.02000e-18       3.02000e-18  0.00000e+00
172.3500000       1.99000e-18       1.99000e-18  0.00000e+00
172.4200000       1.03000e-18       1.03000e-18  0.00000e+00
172.5400000       2.04000e-19       2.04000e-19  0.00000e+00
173.0300000       1.24000e-19       1.24000e-19  0.00000e+00
173.2000000       5.20000e-19       5.20000e-19  0.00000e+00
173.2300000       6.34000e-19       6.34000e-19  0.00000e+00
173.3200000       1.04000e-18       1.04000e-18  0.00000e+00
173.3900000       1.50000e-18       1.50000e-18  0.00000e+00
173.4400000       2.03000e-18       2.03000e-18  0.00000e+00
173.5100000       2.98000e-18       2.98000e-18  0.00000e+00
173.5800000       4.90000e-18       4.90000e-18  0.00000e+00
173.6700000       9.60000e-18       9.60000e-18  0.00000e+00
173.7400000       2.03000e-17       2.03000e-17  0.00000e+00
173.7800000       3.01000e-17       3.01000e-17  0.00000e+00
173.8300000       6.47000e-17       6.47000e-17  0.00000e+00
173.8700000       1.18000e-16       1.18000e-16  0.00000e+00
173.9100000       1.39000e-16       1.39000e-16  0.00000e+00
173.9400000       1.10000e-16       1.10000e-16  0.00000e+00
173.9800000       6.07000e-17       6.07000e-17  0.00000e+00
174.0400000       3.04000e-17       3.04000e-17  0.00000e+00
174.0800000       1.96000e-17       1.96000e-17  0.00000e+00
174.1800000       9.73000e-18       9.73000e-18  0.00000e+00
174.2700000       5.34000e-18       5.34000e-18  0.00000e+00
174.2800000       5.00000e-18       5.00000e-18  0.00000e+00
174.3800000       3.07000e-18       3.07000e-18  0.00000e+00
174.4700000       2.06000e-18       2.06000e-18  0.00000e+00
174.5500000       1.56000e-18       1.56000e-18  0.00000e+00
174.7200000       1.07000e-18       1.07000e-18  0.00000e+00
174.8900000       5.66000e-19       5.66000e-19  0.00000e+00
175.1300000       2.68000e-19       2.68000e-19  0.00000e+00
175.2500000       1.69000e-19       1.69000e-19  0.00000e+00
175.3100000       1.24000e-19       1.24000e-19  0.00000e+00
175.3200000       1.23000e-19       1.23000e-19  0.00000e+00
176.3800000       1.04000e-19       1.04000e-19  0.00000e+00
176.3900000       1.05000e-19       1.05000e-19  0.00000e+00
177.0900000       2.29000e-19       2.29000e-19  0.00000e+00
177.3200000       6.34000e-19       6.34000e-19  0.00000e+00
177.4200000       1.16000e-18       1.16000e-18  0.00000e+00
177.4600000       1.55000e-18       1.55000e-18  0.00000e+00
177.4700000       1.60000e-18       1.60000e-18  0.00000e+00
177.5000000       2.09000e-18       2.09000e-18  0.00000e+00
177.5400000       3.13000e-18       3.13000e-18  0.00000e+00
177.5900000       5.04000e-18       5.04000e-18  0.00000e+00
177.6500000       1.07000e-17       1.07000e-17  0.00000e+00
177.6800000       1.91000e-17       1.91000e-17  0.00000e+00
177.7000000       3.02000e-17       3.02000e-17  0.00000e+00
177.7200000       5.01000e-17       5.01000e-17  0.00000e+00
177.7500000       7.98000e-17       7.98000e-17  0.00000e+00
177.7600000       9.21000e-17       9.21000e-17  0.00000e+00
177.7700000       9.53000e-17       9.53000e-17  0.00000e+00
177.7800000       8.79000e-17       8.79000e-17  0.00000e+00
177.7900000       7.42000e-17       7.42000e-17  0.00000e+00
177.8000000       5.97000e-17       5.97000e-17  0.00000e+00
177.8400000       3.01000e-17       3.01000e-17  0.00000e+00
177.8600000       2.02000e-17       2.02000e-17  0.00000e+00
177.9100000       1.08000e-17       1.08000e-17  0.00000e+00
177.9900000       5.01000e-18       5.01000e-18  0.00000e+00
178.0500000       3.17000e-18       3.17000e-18  0.00000e+00
178.1200000       2.24000e-18       2.24000e-18  0.00000e+00
178.1900000       1.69000e-18       1.69000e-18  0.00000e+00
178.2900000       1.22000e-18       1.22000e-18  0.00000e+00
178.5500000       7.12000e-19       7.12000e-19  0.00000e+00
178.5600000       7.10000e-19       7.10000e-19  0.00000e+00
179.6600000       3.87000e-19       3.87000e-19  0.00000e+00
179.6700000       3.85000e-19       3.85000e-19  0.00000e+00
180.7800000       4.43000e-19       4.43000e-19  0.00000e+00
180.7900000       4.44000e-19       4.44000e-19  0.00000e+00
181.9200000       5.96000e-19       5.96000e-19  0.00000e+00
181.9300000       5.98000e-19       5.98000e-19  0.00000e+00
183.0500000       7.69000e-19       7.69000e-19  0.00000e+00
183.0600000       7.70000e-19       7.70000e-19  0.00000e+00
184.2300000       1.03000e-18       1.03000e-18  0.00000e+00
184.2400000       1.03000e-18       1.03000e-18  0.00000e+00
185.4100000       1.39000e-18       1.39000e-18  0.00000e+00
185.4200000       1.39000e-18       1.39000e-18  0.00000e+00
186.6000000       1.73000e-18       1.73000e-18  0.00000e+00
187.8100000       2.21000e-18       2.21000e-18  0.00000e+00
189.0300000       2.84000e-18       2.84000e-18  0.00000e+00
190.2700000       3.35000e-18       3.35000e-18  0.00000e+00
191.5300000       4.06000e-18       4.06000e-18  0.00000e+00
192.8000000       4.96000e-18       4.96000e-18  0.00000e+00
194.0900000       5.49000e-18       5.49000e-18  0.00000e+00
195.4000000       6.17000e-18       6.17000e-18  0.00000e+00
196.7200000       7.08000e-18       7.08000e-18  0.00000e+00
198.0700000       7.25000e-18       7.25000e-18  0.00000e+00
199.4300000       7.28000e-18       7.28000e-18  0.00000e+00
200.8100000       7.66000e-18       7.66000e-18  0.00000e+00
202.2100000       7.04000e-18       7.04000e-18  0.00000e+00
203.6300000       5.87000e-18       5.87000e-18  0.00000e+00
205.0700000       5.25000e-18       5.25000e-18  0.00000e+00
206.5300000       4.35000e-18       4.35000e-18  0.00000e+00
208.0100000       3.02000e-18       3.02000e-18  0.00000e+00
209.5100000       2.19000e-18       2.19000e-18  0.00000e+00
211.0300000       1.73000e-18       1.73000e-18  0.00000e+00
212.5800000       1.21000e-18       1.21000e-18  0.00000e+00
214.1500000       7.34000e-19       7.34000e-19  0.00000e+00
215.7400000       5.04000e-19       5.04000e-19  0.00000e+00
217.3600000       3.81000e-19       3.81000e-19  0.00000e+00
219.0000000       2.59000e-19       2.59000e-19  0.00000e+00
220.6700000       1.46000e-19       1.46000e-19  0.00000e+00
222.3600000       9.10000e-20       9.10000e-20  0.00000e+00
224.0800000       6.60000e-20       6.60000e-20  0.00000e+00
225.8200000       4.73000e-20       4.73000e-20  0.00000e+00
227.5900000       2.61000e-20       2.61000e-20  0.00000e+00
229.3900000       1.43000e-20       1.43000e-20  0.00000e+00
231.2200000       8.47000e-21       8.47000e-21  0.00000e+00
233.0800000       6.57000e-21       6.57000e-21  0.00000e+00
234.9700000       3.76000e-21       3.76000e-21  0.00000e+00
236.8900000       2.18000e-21       2.18000e-21  0.00000e+00
238.8400000       7.33000e-22       7.33000e-22  0.00000e+00
240.8200000       7.07000e-22       7.07000e-22  0.00000e+00
242.8400000       1.73000e-22       1.73000e-22  0.00000e+00
244.8900000       3.61000e-22       3.61000e-22  0.00000e+00
275.0000000       0.00000e+00       0.00000e+00  0.00000e+00
