#pseudo-Leiden file converted from a specific SWRI (PhIDRates) branch column
#reaction: CH3SH -> CH3 + SH (SWRI col 'M/SH', same file-specific shorthand)
#source: CH3SH.txt, column 3 (0-indexed incl. Lambda), verified by hand against the raw header
#this branch's own cross section used for both photoabsorption and photodissociation
#wavelength(nm) photoabsorption(cm2) photodissociation(cm2) photoionization(cm2)
0.060000 2.480000e-22 2.480000e-22 0.000000e+00
0.120000 2.020000e-21 2.020000e-21 0.000000e+00
0.240000 1.420000e-20 1.420000e-20 0.000000e+00
0.500000 8.990000e-20 8.990000e-20 0.000000e+00
0.520000 1.120000e-19 1.120000e-19 0.000000e+00
0.620000 1.650000e-19 1.650000e-19 0.000000e+00
1.260000 9.730000e-20 9.730000e-20 0.000000e+00
2.460000 7.470000e-19 7.470000e-19 0.000000e+00
5.030000 2.600000e-18 2.600000e-18 0.000000e+00
5.250000 2.530000e-18 2.530000e-18 0.000000e+00
6.210000 3.340000e-18 3.340000e-18 0.000000e+00
6.750000 3.930000e-18 3.930000e-18 0.000000e+00
7.050000 1.930000e-18 1.930000e-18 0.000000e+00
7.350000 2.960000e-19 2.960000e-19 0.000000e+00
12.200000 8.080000e-19 8.080000e-19 0.000000e+00
24.900000 1.870000e-18 1.870000e-18 0.000000e+00
36.300000 8.810000e-18 8.810000e-18 0.000000e+00
50.800000 2.060000e-17 2.060000e-17 0.000000e+00
55.300000 2.280000e-17 2.280000e-17 0.000000e+00
110.000000 1.480000e-17 1.480000e-17 0.000000e+00
192.500000 1.110000e-18 1.110000e-18 0.000000e+00
193.000000 1.070000e-18 1.070000e-18 0.000000e+00
193.500000 1.110000e-18 1.110000e-18 0.000000e+00
194.000000 1.220000e-18 1.220000e-18 0.000000e+00
194.500000 1.310000e-18 1.310000e-18 0.000000e+00
195.000000 1.430000e-18 1.430000e-18 0.000000e+00
195.500000 1.540000e-18 1.540000e-18 0.000000e+00
196.000000 1.640000e-18 1.640000e-18 0.000000e+00
196.500000 1.740000e-18 1.740000e-18 0.000000e+00
197.000000 1.850000e-18 1.850000e-18 0.000000e+00
197.500000 1.990000e-18 1.990000e-18 0.000000e+00
198.000000 2.110000e-18 2.110000e-18 0.000000e+00
198.500000 2.240000e-18 2.240000e-18 0.000000e+00
199.000000 2.350000e-18 2.350000e-18 0.000000e+00
199.500000 2.480000e-18 2.480000e-18 0.000000e+00
200.000000 2.590000e-18 2.590000e-18 0.000000e+00
200.500000 2.680000e-18 2.680000e-18 0.000000e+00
201.000000 2.770000e-18 2.770000e-18 0.000000e+00
201.500000 2.840000e-18 2.840000e-18 0.000000e+00
202.000000 2.900000e-18 2.900000e-18 0.000000e+00
202.500000 2.920000e-18 2.920000e-18 0.000000e+00
203.000000 2.930000e-18 2.930000e-18 0.000000e+00
203.500000 2.910000e-18 2.910000e-18 0.000000e+00
204.000000 2.850000e-18 2.850000e-18 0.000000e+00
204.500000 2.770000e-18 2.770000e-18 0.000000e+00
205.000000 2.660000e-18 2.660000e-18 0.000000e+00
205.500000 2.530000e-18 2.530000e-18 0.000000e+00
206.000000 2.380000e-18 2.380000e-18 0.000000e+00
206.500000 2.210000e-18 2.210000e-18 0.000000e+00
207.000000 2.040000e-18 2.040000e-18 0.000000e+00
207.500000 1.850000e-18 1.850000e-18 0.000000e+00
208.000000 1.670000e-18 1.670000e-18 0.000000e+00
208.500000 1.480000e-18 1.480000e-18 0.000000e+00
209.000000 1.300000e-18 1.300000e-18 0.000000e+00
209.500000 1.130000e-18 1.130000e-18 0.000000e+00
210.000000 9.710000e-19 9.710000e-19 0.000000e+00
210.500000 8.300000e-19 8.300000e-19 0.000000e+00
211.000000 6.960000e-19 6.960000e-19 0.000000e+00
211.500000 5.890000e-19 5.890000e-19 0.000000e+00
212.000000 4.900000e-19 4.900000e-19 0.000000e+00
212.500000 4.110000e-19 4.110000e-19 0.000000e+00
213.000000 3.450000e-19 3.450000e-19 0.000000e+00
213.500000 2.880000e-19 2.880000e-19 0.000000e+00
214.000000 2.440000e-19 2.440000e-19 0.000000e+00
214.500000 2.060000e-19 2.060000e-19 0.000000e+00
215.000000 1.770000e-19 1.770000e-19 0.000000e+00
215.500000 1.520000e-19 1.520000e-19 0.000000e+00
216.000000 1.340000e-19 1.340000e-19 0.000000e+00
216.500000 1.180000e-19 1.180000e-19 0.000000e+00
217.000000 1.050000e-19 1.050000e-19 0.000000e+00
217.500000 9.370000e-20 9.370000e-20 0.000000e+00
218.000000 8.430000e-20 8.430000e-20 0.000000e+00
218.500000 7.590000e-20 7.590000e-20 0.000000e+00
219.000000 6.830000e-20 6.830000e-20 0.000000e+00
219.500000 6.140000e-20 6.140000e-20 0.000000e+00
220.000000 5.520000e-20 5.520000e-20 0.000000e+00
220.500000 4.930000e-20 4.930000e-20 0.000000e+00
221.000000 4.360000e-20 4.360000e-20 0.000000e+00
221.500000 3.820000e-20 3.820000e-20 0.000000e+00
222.000000 3.280000e-20 3.280000e-20 0.000000e+00
223.000000 3.170000e-20 3.170000e-20 0.000000e+00
223.500000 3.130000e-20 3.130000e-20 0.000000e+00
224.000000 3.070000e-20 3.070000e-20 0.000000e+00
224.500000 3.030000e-20 3.030000e-20 0.000000e+00
225.000000 3.000000e-20 3.000000e-20 0.000000e+00
225.500000 2.950000e-20 2.950000e-20 0.000000e+00
226.000000 2.910000e-20 2.910000e-20 0.000000e+00
226.500000 2.860000e-20 2.860000e-20 0.000000e+00
227.000000 2.820000e-20 2.820000e-20 0.000000e+00
227.500000 2.780000e-20 2.780000e-20 0.000000e+00
228.000000 2.730000e-20 2.730000e-20 0.000000e+00
228.500000 2.690000e-20 2.690000e-20 0.000000e+00
229.000000 2.640000e-20 2.640000e-20 0.000000e+00
229.500000 2.580000e-20 2.580000e-20 0.000000e+00
230.000000 2.540000e-20 2.540000e-20 0.000000e+00
230.500000 2.490000e-20 2.490000e-20 0.000000e+00
231.000000 2.440000e-20 2.440000e-20 0.000000e+00
231.500000 2.380000e-20 2.380000e-20 0.000000e+00
232.000000 2.320000e-20 2.320000e-20 0.000000e+00
232.500000 2.260000e-20 2.260000e-20 0.000000e+00
233.000000 2.210000e-20 2.210000e-20 0.000000e+00
233.500000 2.140000e-20 2.140000e-20 0.000000e+00
234.000000 2.070000e-20 2.070000e-20 0.000000e+00
234.500000 2.010000e-20 2.010000e-20 0.000000e+00
235.000000 1.940000e-20 1.940000e-20 0.000000e+00
235.500000 1.870000e-20 1.870000e-20 0.000000e+00
236.000000 1.800000e-20 1.800000e-20 0.000000e+00
236.500000 1.760000e-20 1.760000e-20 0.000000e+00
237.000000 1.660000e-20 1.660000e-20 0.000000e+00
237.500000 1.590000e-20 1.590000e-20 0.000000e+00
238.000000 1.520000e-20 1.520000e-20 0.000000e+00
238.500000 1.450000e-20 1.450000e-20 0.000000e+00
239.000000 1.370000e-20 1.370000e-20 0.000000e+00
239.500000 1.300000e-20 1.300000e-20 0.000000e+00
240.000000 1.230000e-20 1.230000e-20 0.000000e+00
240.500000 1.160000e-20 1.160000e-20 0.000000e+00
241.000000 1.100000e-20 1.100000e-20 0.000000e+00
241.500000 1.030000e-20 1.030000e-20 0.000000e+00
242.000000 9.660000e-21 9.660000e-21 0.000000e+00
242.500000 9.020000e-21 9.020000e-21 0.000000e+00
243.000000 8.400000e-21 8.400000e-21 0.000000e+00
243.500000 7.830000e-21 7.830000e-21 0.000000e+00
244.000000 7.220000e-21 7.220000e-21 0.000000e+00
244.500000 6.640000e-21 6.640000e-21 0.000000e+00
245.000000 6.100000e-21 6.100000e-21 0.000000e+00
245.500000 5.560000e-21 5.560000e-21 0.000000e+00
246.000000 5.060000e-21 5.060000e-21 0.000000e+00
246.500000 4.610000e-21 4.610000e-21 0.000000e+00
247.000000 4.100000e-21 4.100000e-21 0.000000e+00
247.500000 3.670000e-21 3.670000e-21 0.000000e+00
248.000000 3.290000e-21 3.290000e-21 0.000000e+00
248.500000 2.910000e-21 2.910000e-21 0.000000e+00
249.000000 2.520000e-21 2.520000e-21 0.000000e+00
249.500000 2.190000e-21 2.190000e-21 0.000000e+00
250.000000 1.860000e-21 1.860000e-21 0.000000e+00
250.500000 1.560000e-21 1.560000e-21 0.000000e+00
251.000000 1.280000e-21 1.280000e-21 0.000000e+00
251.500000 1.020000e-21 1.020000e-21 0.000000e+00
252.000000 7.780000e-22 7.780000e-22 0.000000e+00
252.500000 5.580000e-22 5.580000e-22 0.000000e+00
253.000000 3.520000e-22 3.520000e-22 0.000000e+00
253.500000 1.680000e-22 1.680000e-22 0.000000e+00
254.000000 0.000000e+00 0.000000e+00 0.000000e+00
254.500000 1.930000e-19 1.930000e-19 0.000000e+00
255.000000 1.830000e-19 1.830000e-19 0.000000e+00
255.500000 1.730000e-19 1.730000e-19 0.000000e+00
256.000000 1.630000e-19 1.630000e-19 0.000000e+00
256.500000 1.540000e-19 1.540000e-19 0.000000e+00
257.000000 1.450000e-19 1.450000e-19 0.000000e+00
257.500000 1.360000e-19 1.360000e-19 0.000000e+00
258.000000 1.280000e-19 1.280000e-19 0.000000e+00
258.500000 1.210000e-19 1.210000e-19 0.000000e+00
259.000000 1.130000e-19 1.130000e-19 0.000000e+00
259.500000 1.050000e-19 1.050000e-19 0.000000e+00
260.000000 9.820000e-20 9.820000e-20 0.000000e+00
260.500000 9.180000e-20 9.180000e-20 0.000000e+00
261.000000 8.550000e-20 8.550000e-20 0.000000e+00
261.500000 7.940000e-20 7.940000e-20 0.000000e+00
262.000000 7.390000e-20 7.390000e-20 0.000000e+00
262.500000 6.850000e-20 6.850000e-20 0.000000e+00
263.000000 6.360000e-20 6.360000e-20 0.000000e+00
263.500000 5.870000e-20 5.870000e-20 0.000000e+00
264.000000 5.410000e-20 5.410000e-20 0.000000e+00
264.500000 5.030000e-20 5.030000e-20 0.000000e+00
265.000000 4.650000e-20 4.650000e-20 0.000000e+00
265.500000 4.290000e-20 4.290000e-20 0.000000e+00
266.000000 3.950000e-20 3.950000e-20 0.000000e+00
266.500000 3.630000e-20 3.630000e-20 0.000000e+00
267.000000 3.310000e-20 3.310000e-20 0.000000e+00
267.500000 2.990000e-20 2.990000e-20 0.000000e+00
268.000000 2.780000e-20 2.780000e-20 0.000000e+00
268.500000 2.510000e-20 2.510000e-20 0.000000e+00
269.000000 2.300000e-20 2.300000e-20 0.000000e+00
269.500000 2.130000e-20 2.130000e-20 0.000000e+00
270.000000 1.920000e-20 1.920000e-20 0.000000e+00
270.500000 1.750000e-20 1.750000e-20 0.000000e+00
271.000000 1.590000e-20 1.590000e-20 0.000000e+00
271.500000 1.430000e-20 1.430000e-20 0.000000e+00
272.000000 1.300000e-20 1.300000e-20 0.000000e+00
272.500000 1.180000e-20 1.180000e-20 0.000000e+00
273.000000 1.080000e-20 1.080000e-20 0.000000e+00
273.500000 9.770000e-21 9.770000e-21 0.000000e+00
274.000000 8.850000e-21 8.850000e-21 0.000000e+00
274.500000 7.900000e-21 7.900000e-21 0.000000e+00
275.000000 7.150000e-21 7.150000e-21 0.000000e+00
275.500000 6.470000e-21 6.470000e-21 0.000000e+00
276.000000 5.780000e-21 5.780000e-21 0.000000e+00
276.500000 5.220000e-21 5.220000e-21 0.000000e+00
277.000000 4.710000e-21 4.710000e-21 0.000000e+00
277.500000 4.260000e-21 4.260000e-21 0.000000e+00
278.000000 3.810000e-21 3.810000e-21 0.000000e+00
278.500000 3.470000e-21 3.470000e-21 0.000000e+00
279.000000 3.110000e-21 3.110000e-21 0.000000e+00
279.500000 2.790000e-21 2.790000e-21 0.000000e+00
280.000000 2.500000e-21 2.500000e-21 0.000000e+00
280.500000 2.210000e-21 2.210000e-21 0.000000e+00
281.000000 1.990000e-21 1.990000e-21 0.000000e+00
281.500000 1.810000e-21 1.810000e-21 0.000000e+00
282.000000 1.640000e-21 1.640000e-21 0.000000e+00
282.500000 1.490000e-21 1.490000e-21 0.000000e+00
283.000000 1.350000e-21 1.350000e-21 0.000000e+00
283.500000 1.220000e-21 1.220000e-21 0.000000e+00
284.000000 1.100000e-21 1.100000e-21 0.000000e+00
284.500000 9.600000e-22 9.600000e-22 0.000000e+00
285.000000 8.700000e-22 8.700000e-22 0.000000e+00
285.500000 8.000000e-22 8.000000e-22 0.000000e+00
286.000000 7.200000e-22 7.200000e-22 0.000000e+00
286.500000 6.500000e-22 6.500000e-22 0.000000e+00
287.000000 5.800000e-22 5.800000e-22 0.000000e+00
287.500000 5.400000e-22 5.400000e-22 0.000000e+00
288.000000 4.900000e-22 4.900000e-22 0.000000e+00
288.500000 4.300000e-22 4.300000e-22 0.000000e+00
289.000000 4.000000e-22 4.000000e-22 0.000000e+00
289.500000 3.700000e-22 3.700000e-22 0.000000e+00
290.000000 3.300000e-22 3.300000e-22 0.000000e+00
290.500000 3.100000e-22 3.100000e-22 0.000000e+00
291.000000 2.800000e-22 2.800000e-22 0.000000e+00
291.500000 2.500000e-22 2.500000e-22 0.000000e+00
292.000000 2.300000e-22 2.300000e-22 0.000000e+00
292.500000 2.170000e-22 2.170000e-22 0.000000e+00
293.000000 1.970000e-22 1.970000e-22 0.000000e+00
293.500000 1.820000e-22 1.820000e-22 0.000000e+00
294.000000 1.680000e-22 1.680000e-22 0.000000e+00
294.500000 1.560000e-22 1.560000e-22 0.000000e+00
295.000000 1.450000e-22 1.450000e-22 0.000000e+00
295.500000 1.340000e-22 1.340000e-22 0.000000e+00
296.000000 1.250000e-22 1.250000e-22 0.000000e+00
296.500000 1.180000e-22 1.180000e-22 0.000000e+00
297.000000 1.090000e-22 1.090000e-22 0.000000e+00
297.500000 1.000000e-22 1.000000e-22 0.000000e+00
298.000000 9.400000e-23 9.400000e-23 0.000000e+00
298.500000 8.800000e-23 8.800000e-23 0.000000e+00
299.000000 8.200000e-23 8.200000e-23 0.000000e+00
299.500000 7.600000e-23 7.600000e-23 0.000000e+00
300.000000 7.100000e-23 7.100000e-23 0.000000e+00
300.500000 6.700000e-23 6.700000e-23 0.000000e+00
301.000000 6.200000e-23 6.200000e-23 0.000000e+00
301.500000 5.900000e-23 5.900000e-23 0.000000e+00
302.000000 5.400000e-23 5.400000e-23 0.000000e+00
302.500000 5.100000e-23 5.100000e-23 0.000000e+00
303.000000 4.700000e-23 4.700000e-23 0.000000e+00
303.500000 4.400000e-23 4.400000e-23 0.000000e+00
304.000000 4.200000e-23 4.200000e-23 0.000000e+00
304.500000 3.900000e-23 3.900000e-23 0.000000e+00
305.000000 3.700000e-23 3.700000e-23 0.000000e+00
305.500000 3.500000e-23 3.500000e-23 0.000000e+00
306.000000 3.300000e-23 3.300000e-23 0.000000e+00
306.500000 3.000000e-23 3.000000e-23 0.000000e+00
307.000000 2.800000e-23 2.800000e-23 0.000000e+00
307.500000 2.700000e-23 2.700000e-23 0.000000e+00
308.000000 2.500000e-23 2.500000e-23 0.000000e+00
308.500000 2.300000e-23 2.300000e-23 0.000000e+00
309.000000 2.200000e-23 2.200000e-23 0.000000e+00
309.500000 2.000000e-23 2.000000e-23 0.000000e+00
