# [b"Cross sections for CH\nConverted from earlier Leiden database cross sections by Helgi Rafn Hr\xc3\xb3\xc3\xb0marsson 2022/11/16\nPhotodissociation source: CH P.D. cf. van Dishoeck ('87)\nPhotoionisation source: CH P.I. CF. Gans+ (2016), Wang+ (2021)\nLines represented with gaussian of width 1.0 nm FWHM\nwavelength: (nm)\nphotoabsorption:    cross section (cm2)\nphotodissociation:  cross section (cm2)\nphotoionisation:    cross section (cm2)"]
# 
# wavelength   photoabsorption photodissociation   photoionisation
  90.0000000       2.00952e-17       5.00000e-20       2.00452e-17
  92.5000000       1.79181e-17       5.00000e-20       1.78681e-17
  94.9000000       1.58285e-17       5.00000e-20       1.57785e-17
  95.0000000       1.57414e-17       5.00000e-20       1.56914e-17
  95.1000000       1.56543e-17       5.00000e-20       1.56043e-17
  95.2000000       1.55673e-17       5.00000e-20       1.55173e-17
  95.3000000       1.54802e-17       5.00000e-20       1.54302e-17
  95.4000000       1.53931e-17       5.00000e-20       1.53431e-17
  95.5000000       1.53061e-17       5.00000e-20       1.52561e-17
  95.6000000       1.52190e-17       5.00000e-20       1.51690e-17
  95.7000000       1.51319e-17       5.00000e-20       1.50819e-17
  95.8000000       1.50449e-17       5.00000e-20       1.49949e-17
  95.9000000       1.49578e-17       5.00000e-20       1.49078e-17
  96.0000000       1.48707e-17       5.00000e-20       1.48207e-17
  96.1000000       1.47837e-17       5.00000e-20       1.47337e-17
  96.2000000       1.46966e-17       5.00000e-20       1.46466e-17
  96.3000000       1.46095e-17       5.00000e-20       1.45595e-17
  96.4000000       1.45224e-17       5.00000e-20       1.44724e-17
  96.5000000       1.44354e-17       5.00000e-20       1.43854e-17
  96.6000000       1.43483e-17       5.00000e-20       1.42983e-17
  96.7000000       1.42612e-17       5.00000e-20       1.42112e-17
  96.8000000       1.41742e-17       5.00000e-20       1.41242e-17
  96.9000000       1.40871e-17       5.00000e-20       1.40371e-17
  96.9000000       1.40871e-17       5.00000e-20       1.40371e-17
  97.0000000       1.40000e-17       5.00000e-20       1.39500e-17
  97.0000000       1.40000e-17       5.00000e-20       1.39500e-17
  97.1000000       1.39130e-17       5.00000e-20       1.38630e-17
  97.1000000       1.39130e-17       5.00000e-20       1.38630e-17
  97.2000000       1.38259e-17       5.00000e-20       1.37759e-17
  97.2000000       1.38259e-17       5.00000e-20       1.37759e-17
  97.3000000       1.37388e-17       5.00000e-20       1.36888e-17
  97.3000000       1.37388e-17       5.00000e-20       1.36888e-17
  97.4000000       1.36518e-17       5.00000e-20       1.36018e-17
  97.4000000       1.36518e-17       5.00000e-20       1.36018e-17
  97.5000000       1.35647e-17       5.00000e-20       1.35147e-17
  97.5000000       1.35647e-17       5.00000e-20       1.35147e-17
  97.5000000       1.35647e-17       5.00000e-20       1.35147e-17
  97.6000000       1.34776e-17       5.00000e-20       1.34276e-17
  97.6000000       1.34776e-17       5.00000e-20       1.34276e-17
  97.7000000       1.33906e-17       5.00000e-20       1.33406e-17
  97.7000000       1.33906e-17       5.00000e-20       1.33406e-17
  97.8000000       1.33035e-17       5.00000e-20       1.32535e-17
  97.8000000       1.33035e-17       5.00000e-20       1.32535e-17
  97.9000000       1.32164e-17       5.00000e-20       1.31664e-17
  97.9000000       1.32164e-17       5.00000e-20       1.31664e-17
  98.0000000       1.31294e-17       5.00000e-20       1.30794e-17
  98.0000000       1.31294e-17       5.00000e-20       1.30794e-17
  98.1000000       1.30423e-17       5.00000e-20       1.29923e-17
  98.1000000       1.30423e-17       5.00000e-20       1.29923e-17
  98.2000000       1.29552e-17       5.00000e-20       1.29052e-17
  98.2000000       1.29552e-17       5.00000e-20       1.29052e-17
  98.3000000       1.28682e-17       5.00000e-20       1.28182e-17
  98.3000000       1.28682e-17       5.00000e-20       1.28182e-17
  98.4000000       1.27811e-17       5.00000e-20       1.27311e-17
  98.4000000       1.27811e-17       5.00000e-20       1.27311e-17
  98.5000000       1.26940e-17       5.00000e-20       1.26440e-17
  98.5000000       1.26940e-17       5.00000e-20       1.26440e-17
  98.6000000       1.26472e-17       9.02018e-20       1.25570e-17
  98.6000000       1.26472e-17       9.02018e-20       1.25570e-17
  98.7000000       1.26606e-17       1.90690e-19       1.24699e-17
  98.7000000       1.26606e-17       1.90690e-19       1.24699e-17
  98.8000000       1.27642e-17       3.81380e-19       1.23828e-17
  98.8000000       1.27642e-17       3.81380e-19       1.23828e-17
  98.9000000       1.30173e-17       7.21615e-19       1.22957e-17
  98.9000000       1.30173e-17       7.21615e-19       1.22957e-17
  99.0000000       1.35004e-17       1.29173e-18       1.22087e-17
  99.0000000       1.35004e-17       1.29173e-18       1.22087e-17
  99.1000000       1.43091e-17       2.18753e-18       1.21216e-17
  99.1000000       1.43091e-17       2.18753e-18       1.21216e-17
  99.2000000       1.55392e-17       3.50472e-18       1.20345e-17
  99.2000000       1.55392e-17       3.50472e-18       1.20345e-17
  99.3000000       1.72597e-17       5.31217e-18       1.19475e-17
  99.3000000       1.72597e-17       5.31217e-18       1.19475e-17
  99.4000000       1.94778e-17       7.61741e-18       1.18604e-17
  99.4000000       1.94778e-17       7.61741e-18       1.18604e-17
  99.5000000       2.21071e-17       1.03338e-17       1.17733e-17
  99.5000000       2.21071e-17       1.03338e-17       1.17733e-17
  99.6000000       2.49490e-17       1.32627e-17       1.16863e-17
  99.6000000       2.49490e-17       1.32627e-17       1.16863e-17
  99.7000000       2.77027e-17       1.61035e-17       1.15992e-17
  99.7000000       2.77027e-17       1.61035e-17       1.15992e-17
  99.8000000       3.00101e-17       1.84980e-17       1.15121e-17
  99.8000000       3.00101e-17       1.84980e-17       1.15121e-17
  99.9000000       3.15276e-17       2.01025e-17       1.14251e-17
  99.9000000       3.15276e-17       2.01025e-17       1.14251e-17
 100.0000000       3.20056e-17       2.06676e-17       1.13380e-17
 100.0000000       3.20056e-17       2.06676e-17       1.13380e-17
 100.0000000       3.20056e-17       2.06676e-17       1.13380e-17
 100.1000000       3.13534e-17       2.01025e-17       1.12509e-17
 100.1000000       3.13534e-17       2.01025e-17       1.12509e-17
 100.2000000       2.96619e-17       1.84980e-17       1.11639e-17
 100.2000000       2.96619e-17       1.84980e-17       1.11639e-17
 100.3000000       2.71803e-17       1.61035e-17       1.10768e-17
 100.3000000       2.71803e-17       1.61035e-17       1.10768e-17
 100.4000000       2.42524e-17       1.32627e-17       1.09897e-17
 100.4000000       2.42524e-17       1.32627e-17       1.09897e-17
 100.5000000       2.12365e-17       1.03338e-17       1.09027e-17
 100.5000000       2.12365e-17       1.03338e-17       1.09027e-17
 100.6000000       1.84330e-17       7.61741e-18       1.08156e-17
 100.6000000       1.84330e-17       7.61741e-18       1.08156e-17
 100.7000000       1.60407e-17       5.31217e-18       1.07285e-17
 100.7000000       1.60407e-17       5.31217e-18       1.07285e-17
 100.8000000       1.41462e-17       3.50472e-18       1.06415e-17
 100.8000000       1.41462e-17       3.50472e-18       1.06415e-17
 100.9000000       1.27419e-17       2.18753e-18       1.05544e-17
 100.9000000       1.27419e-17       2.18753e-18       1.05544e-17
 101.0000000       1.17590e-17       1.29173e-18       1.04673e-17
 101.0000000       1.17590e-17       1.29173e-18       1.04673e-17
 101.1000000       1.11019e-17       7.21615e-19       1.03803e-17
 101.1000000       1.11019e-17       7.21615e-19       1.03803e-17
 101.2000000       1.06746e-17       3.81380e-19       1.02932e-17
 101.2000000       1.06746e-17       3.81380e-19       1.02932e-17
 101.3000000       1.03968e-17       1.90690e-19       1.02061e-17
 101.3000000       1.03968e-17       1.90690e-19       1.02061e-17
 101.4000000       1.02092e-17       9.02018e-20       1.01190e-17
 101.4000000       1.02092e-17       9.02018e-20       1.01190e-17
 101.5000000       1.00820e-17       5.00000e-20       1.00320e-17
 101.5000000       1.00820e-17       5.00000e-20       1.00320e-17
 101.6000000       9.99491e-18       5.00000e-20       9.94491e-18
 101.6000000       9.99491e-18       5.00000e-20       9.94491e-18
 101.7000000       9.90784e-18       5.00000e-20       9.85784e-18
 101.7000000       9.90784e-18       5.00000e-20       9.85784e-18
 101.8000000       9.82078e-18       5.00000e-20       9.77078e-18
 101.8000000       9.82078e-18       5.00000e-20       9.77078e-18
 101.9000000       9.73371e-18       5.00000e-20       9.68371e-18
 101.9000000       9.73371e-18       5.00000e-20       9.68371e-18
 102.0000000       9.64664e-18       5.00000e-20       9.59664e-18
 102.0000000       9.64664e-18       5.00000e-20       9.59664e-18
 102.1000000       9.55957e-18       5.00000e-20       9.50957e-18
 102.1000000       9.55957e-18       5.00000e-20       9.50957e-18
 102.2000000       9.47250e-18       5.00000e-20       9.42250e-18
 102.2000000       9.47250e-18       5.00000e-20       9.42250e-18
 102.3000000       9.38544e-18       5.00000e-20       9.33544e-18
 102.3000000       9.38544e-18       5.00000e-20       9.33544e-18
 102.4000000       9.29837e-18       5.00000e-20       9.24837e-18
 102.4000000       9.29837e-18       5.00000e-20       9.24837e-18
 102.5000000       9.21130e-18       5.00000e-20       9.16130e-18
 102.5000000       9.21130e-18       5.00000e-20       9.16130e-18
 102.5000000       9.21130e-18       5.00000e-20       9.16130e-18
 102.6000000       9.12423e-18       5.00000e-20       9.07423e-18
 102.6000000       9.12423e-18       5.00000e-20       9.07423e-18
 102.7000000       9.03716e-18       5.00000e-20       8.98716e-18
 102.7000000       9.03716e-18       5.00000e-20       8.98716e-18
 102.8000000       8.95010e-18       5.00000e-20       8.90010e-18
 102.8000000       8.95010e-18       5.00000e-20       8.90010e-18
 102.9000000       8.86303e-18       5.00000e-20       8.81303e-18
 102.9000000       8.86303e-18       5.00000e-20       8.81303e-18
 103.0000000       8.77596e-18       5.00000e-20       8.72596e-18
 103.1000000       8.68889e-18       5.00000e-20       8.63889e-18
 103.1000000       8.68889e-18       5.00000e-20       8.63889e-18
 103.2000000       8.60182e-18       5.00000e-20       8.55182e-18
 103.3000000       8.47414e-18       5.00000e-20       8.42414e-18
 103.4000000       8.54815e-18       5.00000e-20       8.49815e-18
 103.5000000       9.14875e-18       5.00000e-20       9.09875e-18
 103.6000000       9.75067e-18       5.00000e-20       9.70067e-18
 103.7000000       9.25142e-18       5.00000e-20       9.20142e-18
 103.8000000       8.47468e-18       5.00000e-20       8.42468e-18
 103.9000000       8.55022e-18       5.00000e-20       8.50022e-18
 104.0000000       8.74324e-18       5.00000e-20       8.69324e-18
 104.1000000       7.85097e-18       5.00000e-20       7.80097e-18
 104.2000000       7.41042e-18       5.00000e-20       7.36042e-18
 104.3000000       7.55087e-18       5.00000e-20       7.50087e-18
 104.4000000       7.42692e-18       5.00000e-20       7.37692e-18
 104.5000000       8.61708e-18       5.00000e-20       8.56708e-18
 104.6000000       8.00483e-18       5.00000e-20       7.95483e-18
 104.7000000       7.07514e-18       5.00000e-20       7.02514e-18
 104.8000000       7.05748e-18       5.00000e-20       7.00748e-18
 104.9000000       6.29676e-18       5.00000e-20       6.24676e-18
 105.0000000       6.25223e-18       5.00000e-20       6.20223e-18
 105.1000000       5.71211e-18       5.00000e-20       5.66211e-18
 105.2000000       5.60072e-18       5.00000e-20       5.55072e-18
 105.3000000       5.56418e-18       5.00000e-20       5.51418e-18
 105.3000000       5.56418e-18       5.00000e-20       5.51418e-18
 105.3100000       5.61095e-18       5.00000e-20       5.56095e-18
 105.4000000       5.90103e-18       5.00000e-20       5.85103e-18
 105.5000000       6.21512e-18       5.00000e-20       6.16512e-18
 105.6000000       6.05104e-18       5.00000e-20       6.00104e-18
 105.7000000       6.97845e-18       5.00000e-20       6.92845e-18
 105.8000000       7.40798e-18       5.00000e-20       7.35798e-18
 105.9000000       7.22280e-18       5.00000e-20       7.17280e-18
 106.0000000       8.16643e-18       5.00000e-20       8.11643e-18
 106.1000000       6.77857e-18       5.00000e-20       6.72857e-18
 106.2000000       7.72673e-18       5.00000e-20       7.67673e-18
 106.3000000       6.87713e-18       5.00000e-20       6.82713e-18
 106.4000000       4.96543e-18       5.00000e-20       4.91543e-18
 106.5000000       5.80476e-18       5.00000e-20       5.75476e-18
 106.6000000       6.27257e-18       5.00000e-20       6.22257e-18
 106.7000000       6.26924e-18       5.00000e-20       6.21924e-18
 106.8000000       6.33520e-18       5.00000e-20       6.28520e-18
 106.9000000       7.10041e-18       5.00000e-20       7.05041e-18
 107.0000000       6.12838e-18       5.00000e-20       6.07838e-18
 107.1000000       5.18046e-18       5.00000e-20       5.13046e-18
 107.2000000       5.80499e-18       5.00000e-20       5.75499e-18
 107.3000000       7.22901e-18       5.00000e-20       7.17901e-18
 107.4000000       6.12841e-18       5.00000e-20       6.07841e-18
 107.5000000       7.48293e-18       5.00000e-20       7.43293e-18
 107.5000000       7.48293e-18       5.00000e-20       7.43293e-18
 107.6000000       5.79881e-18       5.00000e-20       5.74881e-18
 107.7000000       3.93417e-18       5.00000e-20       3.88417e-18
 107.8000000       3.61956e-18       5.00000e-20       3.56956e-18
 107.9000000       3.73910e-18       5.00000e-20       3.68910e-18
 108.0000000       4.28887e-18       5.00000e-20       4.23887e-18
 108.1000000       5.19622e-18       5.00000e-20       5.14622e-18
 108.2000000       6.47168e-18       5.00000e-20       6.42168e-18
 108.3000000       9.31611e-18       5.00000e-20       9.26611e-18
 108.4000000       1.03023e-17       5.00000e-20       1.02523e-17
 108.5000000       8.83612e-18       5.00000e-20       8.78612e-18
 108.6000000       6.46475e-18       5.00000e-20       6.41475e-18
 108.7000000       5.51926e-18       5.00000e-20       5.46926e-18
 108.8000000       5.36776e-18       5.00000e-20       5.31776e-18
 108.9000000       4.65061e-18       5.00000e-20       4.60061e-18
 109.0000000       3.80486e-18       5.00000e-20       3.75486e-18
 109.1000000       3.37291e-18       5.00000e-20       3.32291e-18
 109.2000000       3.30427e-18       5.00000e-20       3.25427e-18
 109.3000000       3.74328e-18       5.00000e-20       3.69328e-18
 109.4000000       3.97823e-18       5.00000e-20       3.92823e-18
 109.5000000       4.47154e-18       5.00000e-20       4.42154e-18
 109.6000000       5.64638e-18       5.00000e-20       5.59638e-18
 109.7000000       7.94374e-18       5.00000e-20       7.89374e-18
 109.8000000       9.51608e-18       5.00000e-20       9.46608e-18
 109.9000000       9.12942e-18       5.00000e-20       9.07942e-18
 110.0000000       8.67535e-18       5.00000e-20       8.62535e-18
 110.0000000       8.67535e-18       5.00000e-20       8.62535e-18
 110.1000000       7.56715e-18       5.00000e-20       7.51715e-18
 110.2000000       7.07839e-18       5.00000e-20       7.02839e-18
 110.3000000       7.94162e-18       5.00000e-20       7.89162e-18
 110.4000000       1.04014e-17       5.00000e-20       1.03514e-17
 110.5000000       8.46656e-18       5.00000e-20       8.41656e-18
 110.6000000       5.63976e-18       5.00000e-20       5.58976e-18
 110.7000000       5.11781e-18       5.00000e-20       5.06781e-18
 110.8000000       4.44164e-18       5.00000e-20       4.39164e-18
 110.9000000       3.28838e-18       5.00000e-20       3.23838e-18
 111.0000000       3.25182e-18       5.00000e-20       3.20182e-18
 111.1000000       3.53424e-18       5.00000e-20       3.48424e-18
 111.2000000       3.13998e-18       5.00000e-20       3.08998e-18
 111.3000000       3.24555e-18       5.00000e-20       3.19555e-18
 111.4000000       2.62304e-18       5.00000e-20       2.57304e-18
 111.5000000       2.44492e-18       5.00000e-20       2.39492e-18
 111.6000000       2.97311e-18       5.00000e-20       2.92311e-18
 111.7000000       3.54676e-18       5.00000e-20       3.49676e-18
 111.8000000       3.84050e-18       5.00000e-20       3.79050e-18
 111.9000000       3.38024e-18       5.00000e-20       3.33024e-18
 112.0000000       2.92094e-18       5.00000e-20       2.87094e-18
 112.1000000       2.78367e-18       5.00000e-20       2.73367e-18
 112.2000000       3.09907e-18       5.00000e-20       3.04907e-18
 112.3000000       3.07922e-18       5.00000e-20       3.02922e-18
 112.4000000       3.16268e-18       5.00000e-20       3.11268e-18
 112.5000000       3.81548e-18       5.00000e-20       3.76548e-18
 112.5000000       3.81548e-18       5.00000e-20       3.76548e-18
 112.6000000       4.31035e-18       5.00000e-20       4.26035e-18
 112.7000000       5.34347e-18       5.00000e-20       5.29347e-18
 112.8000000       7.08990e-18       5.00000e-20       7.03990e-18
 112.9000000       9.40409e-18       5.00000e-20       9.35409e-18
 113.0000000       1.09345e-17       5.00000e-20       1.08845e-17
 113.1000000       1.22911e-17       5.00000e-20       1.22411e-17
 113.2000000       1.17960e-17       5.00000e-20       1.17460e-17
 113.3000000       1.58677e-17       5.00000e-20       1.58177e-17
 113.4000000       1.06009e-17       5.00000e-20       1.05509e-17
 113.5000000       7.79796e-18       5.00000e-20       7.74796e-18
 113.6000000       8.26113e-18       5.00000e-20       8.21113e-18
 113.7000000       7.84032e-18       5.00000e-20       7.79032e-18
 113.8000000       1.11477e-17       5.00000e-20       1.10977e-17
 113.9000000       1.55540e-17       5.00000e-20       1.55040e-17
 114.0000000       1.96606e-17       5.00000e-20       1.96106e-17
 114.1000000       1.18780e-17       5.00000e-20       1.18280e-17
 114.2000000       7.38744e-18       5.00000e-20       7.33744e-18
 114.3000000       6.19613e-18       5.00000e-20       6.14613e-18
 114.4000000       4.75072e-18       5.00000e-20       4.70072e-18
 114.5000000       3.49759e-18       5.00000e-20       3.44759e-18
 114.6000000       3.95715e-18       5.00000e-20       3.90715e-18
 114.7000000       4.25881e-18       5.00000e-20       4.20881e-18
 114.8000000       3.59087e-18       5.00000e-20       3.54087e-18
 114.9000000       2.91445e-18       5.00000e-20       2.86445e-18
 115.0000000       3.23603e-18       5.00000e-20       3.18603e-18
 115.1000000       3.44941e-18       5.00000e-20       3.39941e-18
 116.4000000       2.27270e-18       5.00000e-20       2.22270e-18
 116.4100000       2.27810e-18       5.00000e-20       2.22810e-18
 116.9000000       1.15826e-18       5.00000e-20       1.10826e-18
 117.0000000       9.06165e-19       5.00000e-20       8.56165e-19
 117.1000000       7.08491e-19       5.00000e-20       6.58491e-19
 117.2000000       5.00000e-20       5.00000e-20       0.00000e+00
 117.3000000       5.00000e-20       5.00000e-20       0.00000e+00
 117.4000000       5.00000e-20       5.00000e-20       0.00000e+00
 117.5000000       5.00000e-20       5.00000e-20       0.00000e+00
 117.6000000       5.00000e-20       5.00000e-20       0.00000e+00
 117.7000000       5.00000e-20       5.00000e-20       0.00000e+00
 117.8000000       5.00000e-20       5.00000e-20       0.00000e+00
 117.9000000       5.00000e-20       5.00000e-20       0.00000e+00
 118.0000000       5.00000e-20       5.00000e-20       0.00000e+00
 118.1000000       5.00000e-20       5.00000e-20       0.00000e+00
 118.2000000       5.00000e-20       5.00000e-20       0.00000e+00
 118.3000000       5.00000e-20       5.00000e-20       0.00000e+00
 118.4000000       5.00000e-20       5.00000e-20       0.00000e+00
 118.5000000       5.00000e-20       5.00000e-20       0.00000e+00
 118.6000000       9.02018e-20       9.02018e-20       0.00000e+00
 118.7000000       1.90690e-19       1.90690e-19       0.00000e+00
 118.8000000       3.81380e-19       3.81380e-19       0.00000e+00
 118.9000000       7.21615e-19       7.21615e-19       0.00000e+00
 119.0000000       1.29173e-18       1.29173e-18       0.00000e+00
 119.1000000       2.18753e-18       2.18753e-18       0.00000e+00
 119.2000000       3.50472e-18       3.50472e-18       0.00000e+00
 119.3000000       5.31217e-18       5.31217e-18       0.00000e+00
 119.4000000       7.61741e-18       7.61741e-18       0.00000e+00
 119.5000000       1.03338e-17       1.03338e-17       0.00000e+00
 119.6000000       1.32627e-17       1.32627e-17       0.00000e+00
 119.7000000       1.61035e-17       1.61035e-17       0.00000e+00
 119.8000000       1.84980e-17       1.84980e-17       0.00000e+00
 119.9000000       2.01025e-17       2.01025e-17       0.00000e+00
 120.0000000       2.06676e-17       2.06676e-17       0.00000e+00
 120.0000000       2.06676e-17       2.06676e-17       0.00000e+00
 120.1000000       2.01025e-17       2.01025e-17       0.00000e+00
 120.2000000       1.84980e-17       1.84980e-17       0.00000e+00
 120.3000000       1.61035e-17       1.61035e-17       0.00000e+00
 120.4000000       1.32627e-17       1.32627e-17       0.00000e+00
 120.5000000       1.03338e-17       1.03338e-17       0.00000e+00
 120.6000000       7.61741e-18       7.61741e-18       0.00000e+00
 120.7000000       5.31217e-18       5.31217e-18       0.00000e+00
 120.8000000       3.50472e-18       3.50472e-18       0.00000e+00
 120.9000000       2.18753e-18       2.18753e-18       0.00000e+00
 121.0000000       1.29173e-18       1.29173e-18       0.00000e+00
 121.1000000       7.21615e-19       7.21615e-19       0.00000e+00
 121.2000000       3.81380e-19       3.81380e-19       0.00000e+00
 121.3000000       1.90690e-19       1.90690e-19       0.00000e+00
 121.4000000       9.02018e-20       9.02018e-20       0.00000e+00
 121.5000000       5.00000e-20       5.00000e-20       0.00000e+00
 121.6000000       5.00000e-20       5.00000e-20       0.00000e+00
 121.7000000       5.00000e-20       5.00000e-20       0.00000e+00
 121.8000000       5.00000e-20       5.00000e-20       0.00000e+00
 121.9000000       5.00000e-20       5.00000e-20       0.00000e+00
 122.0000000       5.00000e-20       5.00000e-20       0.00000e+00
 122.1000000       5.00000e-20       5.00000e-20       0.00000e+00
 122.2000000       5.00000e-20       5.00000e-20       0.00000e+00
 122.3000000       5.00000e-20       5.00000e-20       0.00000e+00
 122.4000000       5.00000e-20       5.00000e-20       0.00000e+00
 122.5000000       5.00000e-20       5.00000e-20       0.00000e+00
 122.6000000       5.00000e-20       5.00000e-20       0.00000e+00
 122.7000000       5.00000e-20       5.00000e-20       0.00000e+00
 122.8000000       5.00000e-20       5.00000e-20       0.00000e+00
 122.9000000       5.00000e-20       5.00000e-20       0.00000e+00
 123.1000000       5.00000e-20       5.00000e-20       0.00000e+00
 128.9000000       5.00000e-20       5.00000e-20       0.00000e+00
 129.0000000       5.00000e-20       5.00000e-20       0.00000e+00
 129.1000000       5.00000e-20       5.00000e-20       0.00000e+00
 129.2000000       5.00000e-20       5.00000e-20       0.00000e+00
 129.3000000       5.00000e-20       5.00000e-20       0.00000e+00
 129.4000000       5.00000e-20       5.00000e-20       0.00000e+00
 129.5000000       5.00000e-20       5.00000e-20       0.00000e+00
 129.6000000       5.00000e-20       5.00000e-20       0.00000e+00
 129.7000000       5.00000e-20       5.00000e-20       0.00000e+00
 129.8000000       5.00000e-20       5.00000e-20       0.00000e+00
 129.9000000       5.00000e-20       5.00000e-20       0.00000e+00
 130.0000000       5.00000e-20       5.00000e-20       0.00000e+00
 130.1000000       5.00000e-20       5.00000e-20       0.00000e+00
 130.2000000       5.00000e-20       5.00000e-20       0.00000e+00
 130.3000000       5.00000e-20       5.00000e-20       0.00000e+00
 130.4000000       5.00000e-20       5.00000e-20       0.00000e+00
 130.5000000       5.00000e-20       5.00000e-20       0.00000e+00
 130.6000000       5.00000e-20       5.00000e-20       0.00000e+00
 130.7000000       5.00000e-20       5.00000e-20       0.00000e+00
 130.8000000       5.00000e-20       5.00000e-20       0.00000e+00
 130.9000000       5.00000e-20       5.00000e-20       0.00000e+00
 131.0000000       5.00000e-20       5.00000e-20       0.00000e+00
 131.1000000       7.05974e-20       7.05974e-20       0.00000e+00
 131.2000000       1.13107e-19       1.13107e-19       0.00000e+00
 131.3000000       1.71438e-19       1.71438e-19       0.00000e+00
 131.4000000       2.45835e-19       2.45835e-19       0.00000e+00
 131.5000000       3.33500e-19       3.33500e-19       0.00000e+00
 131.6000000       4.28023e-19       4.28023e-19       0.00000e+00
 131.7000000       5.19703e-19       5.19703e-19       0.00000e+00
 131.8000000       5.96982e-19       5.96982e-19       0.00000e+00
 131.9000000       6.48761e-19       6.48761e-19       0.00000e+00
 132.0000000       6.67000e-19       6.67000e-19       0.00000e+00
 132.1000000       6.48761e-19       6.48761e-19       0.00000e+00
 132.2000000       5.96982e-19       5.96982e-19       0.00000e+00
 132.3000000       5.19703e-19       5.19703e-19       0.00000e+00
 132.4000000       4.28023e-19       4.28023e-19       0.00000e+00
 132.5000000       3.33500e-19       3.33500e-19       0.00000e+00
 132.6000000       2.45835e-19       2.45835e-19       0.00000e+00
 132.7000000       1.71438e-19       1.71438e-19       0.00000e+00
 132.8000000       1.13107e-19       1.13107e-19       0.00000e+00
 132.9000000       7.05974e-20       7.05974e-20       0.00000e+00
 133.0000000       5.00000e-20       5.00000e-20       0.00000e+00
 133.1000000       5.00000e-20       5.00000e-20       0.00000e+00
 133.2000000       5.00000e-20       5.00000e-20       0.00000e+00
 133.3000000       5.00000e-20       5.00000e-20       0.00000e+00
 133.4000000       5.00000e-20       5.00000e-20       0.00000e+00
 133.5000000       5.00000e-20       5.00000e-20       0.00000e+00
 133.6000000       5.00000e-20       5.00000e-20       0.00000e+00
 133.7000000       5.00000e-20       5.00000e-20       0.00000e+00
 133.8000000       5.00000e-20       5.00000e-20       0.00000e+00
 133.9000000       5.00000e-20       5.00000e-20       0.00000e+00
 134.0000000       5.00000e-20       5.00000e-20       0.00000e+00
 134.1000000       5.00000e-20       5.00000e-20       0.00000e+00
 134.2000000       5.00000e-20       5.00000e-20       0.00000e+00
 134.3000000       5.00000e-20       5.00000e-20       0.00000e+00
 134.4000000       5.00000e-20       5.00000e-20       0.00000e+00
 134.5000000       5.00000e-20       5.00000e-20       0.00000e+00
 134.6000000       5.00000e-20       5.00000e-20       0.00000e+00
 134.7000000       5.00000e-20       5.00000e-20       0.00000e+00
 134.8000000       5.00000e-20       5.00000e-20       0.00000e+00
 134.9000000       5.00000e-20       5.00000e-20       0.00000e+00
 135.0000000       5.00000e-20       5.00000e-20       0.00000e+00
 135.1000000       5.00000e-20       5.00000e-20       0.00000e+00
 135.2000000       5.00000e-20       5.00000e-20       0.00000e+00
 135.3000000       5.00000e-20       5.00000e-20       0.00000e+00
 135.4000000       5.00000e-20       5.00000e-20       0.00000e+00
 135.5000000       7.02743e-20       7.02743e-20       0.00000e+00
 135.6000000       1.57033e-19       1.57033e-19       0.00000e+00
 135.7000000       3.31974e-19       3.31974e-19       0.00000e+00
 135.8000000       6.63948e-19       6.63948e-19       0.00000e+00
 135.9000000       1.25627e-18       1.25627e-18       0.00000e+00
 136.0000000       2.24878e-18       2.24878e-18       0.00000e+00
 136.1000000       3.80828e-18       3.80828e-18       0.00000e+00
 136.2000000       6.10140e-18       6.10140e-18       0.00000e+00
 136.3000000       9.24800e-18       9.24800e-18       0.00000e+00
 136.4000000       1.32612e-17       1.32612e-17       0.00000e+00
 136.5000000       1.79902e-17       1.79902e-17       0.00000e+00
 136.6000000       2.30891e-17       2.30891e-17       0.00000e+00
 136.7000000       2.80347e-17       2.80347e-17       0.00000e+00
 136.8000000       3.22034e-17       3.22034e-17       0.00000e+00
 136.9000000       3.49966e-17       3.49966e-17       0.00000e+00
 137.0000000       3.59804e-17       3.59804e-17       0.00000e+00
 137.1000000       3.49966e-17       3.49966e-17       0.00000e+00
 137.2000000       3.22034e-17       3.22034e-17       0.00000e+00
 137.3000000       2.80347e-17       2.80347e-17       0.00000e+00
 137.4000000       2.30891e-17       2.30891e-17       0.00000e+00
 137.5000000       1.79902e-17       1.79902e-17       0.00000e+00
 137.6000000       1.32612e-17       1.32612e-17       0.00000e+00
 137.7000000       9.24800e-18       9.24800e-18       0.00000e+00
 137.8000000       6.10140e-18       6.10140e-18       0.00000e+00
 137.9000000       3.80828e-18       3.80828e-18       0.00000e+00
 138.0000000       2.24878e-18       2.24878e-18       0.00000e+00
 138.1000000       1.25627e-18       1.25627e-18       0.00000e+00
 138.2000000       6.63948e-19       6.63948e-19       0.00000e+00
 138.3000000       3.31974e-19       3.31974e-19       0.00000e+00
 138.4000000       1.57033e-19       1.57033e-19       0.00000e+00
 138.5000000       7.02743e-20       7.02743e-20       0.00000e+00
 138.6000000       5.00000e-20       5.00000e-20       0.00000e+00
 138.7000000       5.00000e-20       5.00000e-20       0.00000e+00
 138.8000000       5.00000e-20       5.00000e-20       0.00000e+00
 138.9000000       5.00000e-20       5.00000e-20       0.00000e+00
 139.0000000       5.00000e-20       5.00000e-20       0.00000e+00
 139.1000000       5.00000e-20       5.00000e-20       0.00000e+00
 139.2000000       5.00000e-20       5.00000e-20       0.00000e+00
 139.3000000       5.00000e-20       5.00000e-20       0.00000e+00
 139.4000000       5.00000e-20       5.00000e-20       0.00000e+00
 139.5000000       5.00000e-20       5.00000e-20       0.00000e+00
 139.6000000       5.00000e-20       5.00000e-20       0.00000e+00
 139.7000000       5.00000e-20       5.00000e-20       0.00000e+00
 139.8000000       5.00000e-20       5.00000e-20       0.00000e+00
 139.9000000       5.00000e-20       5.00000e-20       0.00000e+00
 140.1000000       5.00000e-20       5.00000e-20       0.00000e+00
 140.9000000       5.00000e-20       5.00000e-20       0.00000e+00
 141.0000000       5.00000e-20       5.00000e-20       0.00000e+00
 141.1000000       5.00000e-20       5.00000e-20       0.00000e+00
 141.2000000       5.00000e-20       5.00000e-20       0.00000e+00
 141.3000000       5.00000e-20       5.00000e-20       0.00000e+00
 141.4000000       5.00000e-20       5.00000e-20       0.00000e+00
 141.5000000       5.00000e-20       5.00000e-20       0.00000e+00
 141.6000000       5.00000e-20       5.00000e-20       0.00000e+00
 141.7000000       5.00000e-20       5.00000e-20       0.00000e+00
 141.8000000       5.00000e-20       5.00000e-20       0.00000e+00
 141.9000000       5.00000e-20       5.00000e-20       0.00000e+00
 142.0000000       5.00000e-20       5.00000e-20       0.00000e+00
 142.1000000       5.00000e-20       5.00000e-20       0.00000e+00
 142.2000000       5.00000e-20       5.00000e-20       0.00000e+00
 142.3000000       5.00000e-20       5.00000e-20       0.00000e+00
 142.4000000       5.00000e-20       5.00000e-20       0.00000e+00
 142.5000000       5.00000e-20       5.00000e-20       0.00000e+00
 142.6000000       5.00000e-20       5.00000e-20       0.00000e+00
 142.7000000       5.00000e-20       5.00000e-20       0.00000e+00
 142.8000000       7.97431e-20       7.97431e-20       0.00000e+00
 142.9000000       1.50883e-19       1.50883e-19       0.00000e+00
 143.0000000       2.70088e-19       2.70088e-19       0.00000e+00
 143.1000000       4.57392e-19       4.57392e-19       0.00000e+00
 143.2000000       7.32806e-19       7.32806e-19       0.00000e+00
 143.3000000       1.11073e-18       1.11073e-18       0.00000e+00
 143.4000000       1.59273e-18       1.59273e-18       0.00000e+00
 143.5000000       2.16071e-18       2.16071e-18       0.00000e+00
 143.6000000       2.77311e-18       2.77311e-18       0.00000e+00
 143.7000000       3.36709e-18       3.36709e-18       0.00000e+00
 143.8000000       3.86777e-18       3.86777e-18       0.00000e+00
 143.9000000       4.20324e-18       4.20324e-18       0.00000e+00
 144.0000000       4.32141e-18       4.32141e-18       0.00000e+00
 144.1000000       4.20324e-18       4.20324e-18       0.00000e+00
 144.2000000       3.86777e-18       3.86777e-18       0.00000e+00
 144.3000000       3.36709e-18       3.36709e-18       0.00000e+00
 144.4000000       2.77311e-18       2.77311e-18       0.00000e+00
 144.5000000       2.16071e-18       2.16071e-18       0.00000e+00
 144.6000000       1.59273e-18       1.59273e-18       0.00000e+00
 144.7000000       1.11073e-18       1.11073e-18       0.00000e+00
 144.8000000       7.32806e-19       7.32806e-19       0.00000e+00
 144.9000000       4.57392e-19       4.57392e-19       0.00000e+00
 145.0000000       2.70088e-19       2.70088e-19       0.00000e+00
 145.0000000       2.70088e-19       2.70088e-19       0.00000e+00
 145.1000000       1.59772e-19       1.59772e-19       0.00000e+00
 145.2000000       9.75208e-20       9.75208e-20       0.00000e+00
 145.3000000       6.65382e-20       6.65382e-20       0.00000e+00
 145.4000000       5.44159e-20       5.44159e-20       0.00000e+00
 145.5000000       5.28847e-20       5.28847e-20       0.00000e+00
 145.6000000       5.69067e-20       5.69067e-20       0.00000e+00
 145.7000000       6.36535e-20       6.36535e-20       0.00000e+00
 145.8000000       7.16535e-20       7.16535e-20       0.00000e+00
 145.9000000       8.01944e-20       8.01944e-20       0.00000e+00
 145.9000000       8.01944e-20       8.01944e-20       0.00000e+00
 146.0000000       1.10066e-19       1.10066e-19       0.00000e+00
 146.1000000       1.40021e-19       1.40021e-19       0.00000e+00
 146.2000000       1.70006e-19       1.70006e-19       0.00000e+00
 146.3000000       2.00002e-19       2.00002e-19       0.00000e+00
 146.4000000       2.30001e-19       2.30001e-19       0.00000e+00
 146.5000000       2.60000e-19       2.60000e-19       0.00000e+00
 146.6000000       2.90000e-19       2.90000e-19       0.00000e+00
 146.7000000       3.20000e-19       3.20000e-19       0.00000e+00
 146.8000000       3.50000e-19       3.50000e-19       0.00000e+00
 146.9000000       3.80000e-19       3.80000e-19       0.00000e+00
 147.1000000       4.40000e-19       4.40000e-19       0.00000e+00
 147.6000000       5.90000e-19       5.90000e-19       0.00000e+00
 149.4000000       2.38000e-18       2.38000e-18       0.00000e+00
 151.2000000       6.16000e-18       6.16000e-18       0.00000e+00
 151.9000000       8.31158e-18       8.31158e-18       0.00000e+00
 152.0000000       8.61895e-18       8.61895e-18       0.00000e+00
 152.1000000       8.92632e-18       8.92632e-18       0.00000e+00
 152.2000000       9.23368e-18       9.23368e-18       0.00000e+00
 152.3000000       9.54105e-18       9.54105e-18       0.00000e+00
 152.4000000       9.84842e-18       9.84842e-18       0.00000e+00
 152.5000000       1.01558e-17       1.01558e-17       0.00000e+00
 152.6000000       1.04632e-17       1.04632e-17       0.00000e+00
 152.7000000       1.07705e-17       1.07705e-17       0.00000e+00
 152.8000000       1.10779e-17       1.10779e-17       0.00000e+00
 152.9000000       1.13853e-17       1.13853e-17       0.00000e+00
 153.0000000       1.16928e-17       1.16928e-17       0.00000e+00
 153.1000000       1.20006e-17       1.20006e-17       0.00000e+00
 153.1000000       1.20006e-17       1.20006e-17       0.00000e+00
 153.2000000       1.25017e-17       1.25017e-17       0.00000e+00
 153.3000000       1.30044e-17       1.30044e-17       0.00000e+00
 153.4000000       1.35109e-17       1.35109e-17       0.00000e+00
 153.5000000       1.40257e-17       1.40257e-17       0.00000e+00
 153.6000000       1.45574e-17       1.45574e-17       0.00000e+00
 153.7000000       1.51213e-17       1.51213e-17       0.00000e+00
 153.8000000       1.57427e-17       1.57427e-17       0.00000e+00
 153.9000000       1.64592e-17       1.64592e-17       0.00000e+00
 154.0000000       1.73220e-17       1.73220e-17       0.00000e+00
 154.1000000       1.83921e-17       1.83921e-17       0.00000e+00
 154.2000000       1.97303e-17       1.97303e-17       0.00000e+00
 154.2000000       1.97303e-17       1.97303e-17       0.00000e+00
 154.3000000       2.15805e-17       2.15805e-17       0.00000e+00
 154.4000000       2.37474e-17       2.37474e-17       0.00000e+00
 154.5000000       2.61761e-17       2.61761e-17       0.00000e+00
 154.6000000       2.87399e-17       2.87399e-17       0.00000e+00
 154.7000000       3.12477e-17       3.12477e-17       0.00000e+00
 154.8000000       3.34715e-17       3.34715e-17       0.00000e+00
 154.9000000       3.51925e-17       3.51925e-17       0.00000e+00
 155.0000000       3.62521e-17       3.62521e-17       0.00000e+00
 155.0000000       3.62521e-17       3.62521e-17       0.00000e+00
 155.1000000       3.68425e-17       3.68425e-17       0.00000e+00
 155.2000000       3.67715e-17       3.67715e-17       0.00000e+00
 155.3000000       3.61977e-17       3.61977e-17       0.00000e+00
 155.4000000       3.53399e-17       3.53399e-17       0.00000e+00
 155.5000000       3.44261e-17       3.44261e-17       0.00000e+00
 155.6000000       3.36474e-17       3.36474e-17       0.00000e+00
 155.7000000       3.31305e-17       3.31305e-17       0.00000e+00
 155.8000000       3.29303e-17       3.29303e-17       0.00000e+00
 155.8000000       3.29303e-17       3.29303e-17       0.00000e+00
 155.9000000       3.30171e-17       3.30171e-17       0.00000e+00
 156.0000000       3.33720e-17       3.33720e-17       0.00000e+00
 156.1000000       3.39342e-17       3.39342e-17       0.00000e+00
 156.2000000       3.46427e-17       3.46427e-17       0.00000e+00
 156.3000000       3.54463e-17       3.54463e-17       0.00000e+00
 156.4000000       3.63074e-17       3.63074e-17       0.00000e+00
 156.5000000       3.72007e-17       3.72007e-17       0.00000e+00
 156.6000000       3.81109e-17       3.81109e-17       0.00000e+00
 156.6000000       3.81109e-17       3.81109e-17       0.00000e+00
 156.7000000       3.84377e-17       3.84377e-17       0.00000e+00
 156.8000000       3.87683e-17       3.87683e-17       0.00000e+00
 156.9000000       3.91006e-17       3.91006e-17       0.00000e+00
 156.9000000       3.91006e-17       3.91006e-17       0.00000e+00
 157.0000000       3.85752e-17       3.85752e-17       0.00000e+00
 157.1000000       3.80501e-17       3.80501e-17       0.00000e+00
 157.2000000       3.75250e-17       3.75250e-17       0.00000e+00
 157.3000000       3.70000e-17       3.70000e-17       0.00000e+00
 157.3000000       3.70000e-17       3.70000e-17       0.00000e+00
 157.4000000       3.56000e-17       3.56000e-17       0.00000e+00
 157.5000000       3.42000e-17       3.42000e-17       0.00000e+00
 157.6000000       3.28000e-17       3.28000e-17       0.00000e+00
 157.7000000       3.14000e-17       3.14000e-17       0.00000e+00
 157.8000000       3.00000e-17       3.00000e-17       0.00000e+00
 157.9000000       2.86000e-17       2.86000e-17       0.00000e+00
 158.1000000       2.58000e-17       2.58000e-17       0.00000e+00
 159.0000000       1.50000e-17       1.50000e-17       0.00000e+00
 159.8000000       8.40000e-18       8.40000e-18       0.00000e+00
 161.0000000       3.70000e-18       3.70000e-18       0.00000e+00
 163.1000000       1.20000e-18       1.20000e-18       0.00000e+00
 165.3000000       4.20000e-19       4.20000e-19       0.00000e+00
 167.6000000       1.70000e-19       1.70000e-19       0.00000e+00
 170.0000000       5.00000e-20       5.00000e-20       0.00000e+00
 172.4000000       5.00000e-20       5.00000e-20       0.00000e+00
 177.3000000       1.40000e-19       1.40000e-19       0.00000e+00
 182.5000000       7.70000e-19       7.70000e-19       0.00000e+00
 185.2000000       1.57000e-18       1.57000e-18       0.00000e+00
 188.0000000       3.03000e-18       3.03000e-18       0.00000e+00
 190.9000000       5.12000e-18       5.12000e-18       0.00000e+00
 193.9000000       7.16000e-18       7.16000e-18       0.00000e+00
 197.0000000       8.44000e-18       8.44000e-18       0.00000e+00
 198.6000000       8.50000e-18       8.50000e-18       0.00000e+00
 200.2000000       7.56000e-18       7.56000e-18       0.00000e+00
 201.6000000       5.53000e-18       5.53000e-18       0.00000e+00
 203.5000000       3.68000e-18       3.68000e-18       0.00000e+00
 206.9000000       1.31000e-18       1.31000e-18       0.00000e+00
 210.0000000       5.40000e-19       5.40000e-19       0.00000e+00
 220.0000000       0.00000e+00       0.00000e+00       0.00000e+00
 311.6000000       0.00000e+00       0.00000e+00       0.00000e+00
 311.7000000       9.02260e-28       9.02260e-28       0.00000e+00
 311.8000000       4.63194e-27       4.63194e-27       0.00000e+00
 311.9000000       2.24963e-26       2.24963e-26       0.00000e+00
 312.0000000       1.03366e-25       1.03366e-25       0.00000e+00
 312.1000000       4.49325e-25       4.49325e-25       0.00000e+00
 312.2000000       1.84783e-24       1.84783e-24       0.00000e+00
 312.3000000       7.18920e-24       7.18920e-24       0.00000e+00
 312.4000000       2.64617e-23       2.64617e-23       0.00000e+00
 312.5000000       9.21448e-23       9.21448e-23       0.00000e+00
 312.6000000       3.03559e-22       3.03559e-22       0.00000e+00
 312.7000000       9.46089e-22       9.46089e-22       0.00000e+00
 312.8000000       2.78958e-21       2.78958e-21       0.00000e+00
 312.9000000       7.78149e-21       7.78149e-21       0.00000e+00
 313.0000000       2.05355e-20       2.05355e-20       0.00000e+00
 313.1000000       5.12701e-20       5.12701e-20       0.00000e+00
 313.2000000       1.21099e-19       1.21099e-19       0.00000e+00
 313.3000000       2.70605e-19       2.70605e-19       0.00000e+00
 313.4000000       5.72070e-19       5.72070e-19       0.00000e+00
 313.5000000       1.14414e-18       1.14414e-18       0.00000e+00
 313.6000000       2.16484e-18       2.16484e-18       0.00000e+00
 313.7000000       3.87518e-18       3.87518e-18       0.00000e+00
 313.8000000       6.56258e-18       6.56258e-18       0.00000e+00
 313.9000000       1.05142e-17       1.05142e-17       0.00000e+00
 314.0000000       1.59365e-17       1.59365e-17       0.00000e+00
 314.1000000       2.28522e-17       2.28522e-17       0.00000e+00
 314.2000000       3.10014e-17       3.10014e-17       0.00000e+00
 314.3000000       3.97880e-17       3.97880e-17       0.00000e+00
 314.4000000       4.83104e-17       4.83104e-17       0.00000e+00
 314.5000000       5.54941e-17       5.54941e-17       0.00000e+00
 314.6000000       6.03074e-17       6.03074e-17       0.00000e+00
 314.7000000       6.20029e-17       6.20029e-17       0.00000e+00
 314.8000000       6.03074e-17       6.03074e-17       0.00000e+00
 314.9000000       5.54941e-17       5.54941e-17       0.00000e+00
 315.0000000       4.83104e-17       4.83104e-17       0.00000e+00
 315.1000000       3.97880e-17       3.97880e-17       0.00000e+00
 315.2000000       3.10014e-17       3.10014e-17       0.00000e+00
 315.3000000       2.28522e-17       2.28522e-17       0.00000e+00
 315.4000000       1.59365e-17       1.59365e-17       0.00000e+00
 315.5000000       1.05142e-17       1.05142e-17       0.00000e+00
 315.6000000       6.56258e-18       6.56258e-18       0.00000e+00
 315.7000000       3.87518e-18       3.87518e-18       0.00000e+00
 315.8000000       2.16484e-18       2.16484e-18       0.00000e+00
 315.9000000       1.14414e-18       1.14414e-18       0.00000e+00
 316.0000000       5.72070e-19       5.72070e-19       0.00000e+00
 316.1000000       2.70605e-19       2.70605e-19       0.00000e+00
 316.2000000       1.21099e-19       1.21099e-19       0.00000e+00
 316.3000000       5.12701e-20       5.12701e-20       0.00000e+00
 316.4000000       2.05355e-20       2.05355e-20       0.00000e+00
 316.5000000       7.78149e-21       7.78149e-21       0.00000e+00
 316.6000000       2.78958e-21       2.78958e-21       0.00000e+00
 316.7000000       9.46089e-22       9.46089e-22       0.00000e+00
 316.8000000       3.03559e-22       3.03559e-22       0.00000e+00
 316.9000000       9.21448e-23       9.21448e-23       0.00000e+00
 317.0000000       2.64617e-23       2.64617e-23       0.00000e+00
 317.1000000       7.18920e-24       7.18920e-24       0.00000e+00
 317.2000000       1.84783e-24       1.84783e-24       0.00000e+00
 317.3000000       4.49325e-25       4.49325e-25       0.00000e+00
 317.4000000       1.03366e-25       1.03366e-25       0.00000e+00
 317.5000000       2.24963e-26       2.24963e-26       0.00000e+00
 317.6000000       4.63194e-27       4.63194e-27       0.00000e+00
 317.8000000       0.00000e+00       0.00000e+00       0.00000e+00
 325.0000000       0.00000e+00       0.00000e+00       0.00000e+00
 330.0000000       1.00000e-20       1.00000e-20       0.00000e+00
 334.8000000       6.70000e-20       6.70000e-20       0.00000e+00
 340.3000000       1.10000e-19       1.10000e-19       0.00000e+00
 344.1000000       1.80000e-19       1.80000e-19       0.00000e+00
 346.0000000       2.30000e-19       2.30000e-19       0.00000e+00
 348.0000000       2.90000e-19       2.90000e-19       0.00000e+00
 349.9000000       3.30000e-19       3.30000e-19       0.00000e+00
 351.9000000       3.40000e-19       3.40000e-19       0.00000e+00
 353.9000000       3.00000e-19       3.00000e-19       0.00000e+00
 355.9000000       2.40000e-19       2.40000e-19       0.00000e+00
 358.0000000       1.60000e-19       1.60000e-19       0.00000e+00
