# b'NH cross sections\nAlan Heays 2016-01-27\nReferences: kirby1991, patel-misra1991, wang1990\nphotoabsorption   -- Photoabsorption cross section (cm2)\nphotodissociation -- Photodissociation cross section (cm2)\nphotoionisation   -- Photoionisation cross section (cm2)'
# 
# wavelength   photoabsorption photodissociation   photoionisation
  30.9960482       2.32000e-18       0.00000e+00       2.32000e-18
  31.9960482       2.46867e-18       0.00000e+00       2.46867e-18
  32.9960482       2.68503e-18       0.00000e+00       2.68503e-18
  33.9960482       2.87801e-18       0.00000e+00       2.87801e-18
  34.9960482       3.09213e-18       0.00000e+00       3.09213e-18
  35.9960482       3.29825e-18       0.00000e+00       3.29825e-18
  36.9960482       3.50422e-18       0.00000e+00       3.50422e-18
  37.9960482       3.73245e-18       0.00000e+00       3.73245e-18
  38.9960482       3.97425e-18       0.00000e+00       3.97425e-18
  39.9960482       4.18250e-18       0.00000e+00       4.18250e-18
  40.9960482       4.42610e-18       0.00000e+00       4.42610e-18
  41.9960482       4.67277e-18       0.00000e+00       4.67277e-18
  42.9960482       4.92231e-18       0.00000e+00       4.92231e-18
  43.9960482       5.15432e-18       0.00000e+00       5.15432e-18
  44.9960482       5.39121e-18       0.00000e+00       5.39121e-18
  45.9960482       5.62778e-18       0.00000e+00       5.62778e-18
  46.9960482       5.84681e-18       0.00000e+00       5.84681e-18
  47.9960482       6.05081e-18       0.00000e+00       6.05081e-18
  48.9960482       6.27509e-18       0.00000e+00       6.27509e-18
  49.9960482       6.49281e-18       0.00000e+00       6.49281e-18
  50.9960482       6.70746e-18       0.00000e+00       6.70746e-18
  51.9960482       6.90879e-18       0.00000e+00       6.90879e-18
  52.9960482       7.09965e-18       0.00000e+00       7.09965e-18
  53.9960482       7.27241e-18       0.00000e+00       7.27241e-18
  54.9960482       7.49216e-18       0.00000e+00       7.49216e-18
  55.9960482       7.64172e-18       0.00000e+00       7.64172e-18
  56.9960482       7.78933e-18       0.00000e+00       7.78933e-18
  57.9960482       7.90886e-18       0.00000e+00       7.90886e-18
  58.9960482       8.06958e-18       0.00000e+00       8.06958e-18
  59.9960482       8.19942e-18       0.00000e+00       8.19942e-18
  60.9960482       8.32092e-18       0.00000e+00       8.32092e-18
  61.9960482       8.42405e-18       0.00000e+00       8.42405e-18
  62.9960482       8.53684e-18       0.00000e+00       8.53684e-18
  63.9960482       8.63122e-18       0.00000e+00       8.63122e-18
  64.9960482       8.72001e-18       0.00000e+00       8.72001e-18
  65.9960482       8.76904e-18       0.00000e+00       8.76904e-18
  66.9960482       8.81672e-18       0.00000e+00       8.81672e-18
  67.9960482       8.85951e-18       0.00000e+00       8.85951e-18
  68.9960482       8.88489e-18       0.00000e+00       8.88489e-18
  69.9960482       8.90910e-18       0.00000e+00       8.90910e-18
  70.9960482       8.94116e-18       0.00000e+00       8.94116e-18
  71.9960482       8.97179e-18       0.00000e+00       8.97179e-18
  72.9960482       8.99364e-18       0.00000e+00       8.99364e-18
  73.9960482       9.00750e-18       0.00000e+00       9.00750e-18
  74.9960482       9.01461e-18       0.00000e+00       9.01461e-18
  75.9960482       9.00463e-18       0.00000e+00       9.00463e-18
  76.9960482       8.95794e-18       0.00000e+00       8.95794e-18
  77.9960482       8.86562e-18       0.00000e+00       8.86562e-18
  78.9960482       8.75027e-18       0.00000e+00       8.75027e-18
  79.9960482       8.65278e-18       0.00000e+00       8.65278e-18
  80.9960482       8.55818e-18       0.00000e+00       8.55818e-18
  81.9960482       8.45503e-18       0.00000e+00       8.45503e-18
  82.9960482       8.36053e-18       0.00000e+00       8.36053e-18
  83.9960482       8.26217e-18       0.00000e+00       8.26217e-18
  84.9960482       8.18554e-18       0.00000e+00       8.18554e-18
  85.9960482       8.09298e-18       0.00000e+00       8.09298e-18
  86.9960482       7.96944e-18       0.00000e+00       7.96944e-18
  87.9960482       7.80811e-18       0.00000e+00       7.80811e-18
  88.9960482       7.67629e-18       0.00000e+00       7.67629e-18
  89.9960482       7.59661e-18       0.00000e+00       7.59661e-18
  90.9960482       7.44253e-18       0.00000e+00       7.44253e-18
  91.9960482       7.42953e-18       0.00000e+00       7.42953e-18
  92.0000000       1.55364e-20       1.55364e-20       0.00000e+00
  92.2000000       2.20573e-20       2.20573e-20       0.00000e+00
  92.4000000       3.10384e-20       3.10384e-20       0.00000e+00
  92.6000000       4.32906e-20       4.32906e-20       0.00000e+00
  92.8000000       5.98459e-20       5.98459e-20       0.00000e+00
  93.0000000       8.20017e-20       8.20017e-20       0.00000e+00
  93.2000000       1.11367e-19       1.11367e-19       0.00000e+00
  93.4000000       1.49913e-19       1.49913e-19       0.00000e+00
  93.6000000       2.00017e-19       2.00017e-19       0.00000e+00
  93.8000000       2.64510e-19       2.64510e-19       0.00000e+00
  94.0000000       3.46709e-19       3.46709e-19       0.00000e+00
  94.2000000       4.50437e-19       4.50437e-19       0.00000e+00
  94.4000000       5.80029e-19       5.80029e-19       0.00000e+00
  94.6000000       7.40308e-19       7.40308e-19       0.00000e+00
  94.8000000       9.36530e-19       9.36530e-19       0.00000e+00
  95.0000000       1.17430e-18       1.17430e-18       0.00000e+00
  95.2000000       1.45942e-18       1.45942e-18       0.00000e+00
  95.4000000       1.79776e-18       1.79776e-18       0.00000e+00
  95.6000000       2.19496e-18       2.19496e-18       0.00000e+00
  95.8000000       2.65626e-18       2.65626e-18       0.00000e+00
  96.0000000       3.18611e-18       3.18611e-18       0.00000e+00
  96.2000000       3.78790e-18       3.78790e-18       0.00000e+00
  96.4000000       4.46357e-18       4.46357e-18       0.00000e+00
  96.6000000       5.21330e-18       5.21330e-18       0.00000e+00
  96.8000000       6.03518e-18       6.03518e-18       0.00000e+00
  97.0000000       6.92492e-18       6.92492e-18       0.00000e+00
  97.2000000       7.87564e-18       7.87564e-18       0.00000e+00
  97.4000000       8.87777e-18       8.87777e-18       0.00000e+00
  97.6000000       9.91901e-18       9.91901e-18       0.00000e+00
  97.8000000       1.09845e-17       1.09845e-17       0.00000e+00
  98.0000000       1.20570e-17       1.20570e-17       0.00000e+00
  98.2000000       1.31173e-17       1.31173e-17       0.00000e+00
  98.4000000       1.41448e-17       1.41448e-17       0.00000e+00
  98.6000000       1.51180e-17       1.51180e-17       0.00000e+00
  98.8000000       1.60155e-17       1.60155e-17       0.00000e+00
  99.0000000       1.68164e-17       1.68164e-17       0.00000e+00
  99.2000000       1.75014e-17       1.75014e-17       0.00000e+00
  99.4000000       1.80534e-17       1.80534e-17       0.00000e+00
  99.6000000       1.84583e-17       1.84583e-17       0.00000e+00
  99.8000000       1.87056e-17       1.87056e-17       0.00000e+00
 100.0000000       1.87887e-17       1.87887e-17       0.00000e+00
 100.2000000       1.87056e-17       1.87056e-17       0.00000e+00
 100.4000000       1.84583e-17       1.84583e-17       0.00000e+00
 100.6000000       1.80534e-17       1.80534e-17       0.00000e+00
 100.8000000       1.75014e-17       1.75014e-17       0.00000e+00
 101.0000000       1.68164e-17       1.68164e-17       0.00000e+00
 101.2000000       1.60155e-17       1.60155e-17       0.00000e+00
 101.4000000       1.51180e-17       1.51180e-17       0.00000e+00
 101.6000000       1.41448e-17       1.41448e-17       0.00000e+00
 101.8000000       1.31173e-17       1.31173e-17       0.00000e+00
 102.0000000       1.20570e-17       1.20570e-17       0.00000e+00
 102.2000000       1.09845e-17       1.09845e-17       0.00000e+00
 102.4000000       9.91901e-18       9.91901e-18       0.00000e+00
 102.6000000       8.87777e-18       8.87777e-18       0.00000e+00
 102.8000000       7.87564e-18       7.87564e-18       0.00000e+00
 103.0000000       6.92492e-18       6.92492e-18       0.00000e+00
 103.2000000       6.03518e-18       6.03518e-18       0.00000e+00
 103.4000000       5.21330e-18       5.21330e-18       0.00000e+00
 103.6000000       4.46357e-18       4.46357e-18       0.00000e+00
 103.8000000       3.78790e-18       3.78790e-18       0.00000e+00
 104.0000000       3.18611e-18       3.18611e-18       0.00000e+00
 104.2000000       2.65626e-18       2.65626e-18       0.00000e+00
 104.4000000       2.19496e-18       2.19496e-18       0.00000e+00
 104.6000000       1.79776e-18       1.79776e-18       0.00000e+00
 104.8000000       1.45942e-18       1.45942e-18       0.00000e+00
 105.0000000       1.17430e-18       1.17430e-18       0.00000e+00
 105.2000000       9.36530e-19       9.36530e-19       0.00000e+00
 105.4000000       7.40308e-19       7.40308e-19       0.00000e+00
 105.6000000       5.80029e-19       5.80029e-19       0.00000e+00
 105.8000000       4.50437e-19       4.50437e-19       0.00000e+00
 106.0000000       3.46709e-19       3.46709e-19       0.00000e+00
 106.2000000       2.64510e-19       2.64510e-19       0.00000e+00
 106.4000000       2.00017e-19       2.00017e-19       0.00000e+00
 106.6000000       1.49913e-19       1.49913e-19       0.00000e+00
 106.8000000       1.11367e-19       1.11367e-19       0.00000e+00
 107.0000000       8.20017e-20       8.20017e-20       0.00000e+00
 107.2000000       5.98459e-20       5.98459e-20       0.00000e+00
 107.4000000       4.32906e-20       4.32906e-20       0.00000e+00
 107.6000000       3.10384e-20       3.10384e-20       0.00000e+00
 107.8000000       2.20573e-20       2.20573e-20       0.00000e+00
 108.0000000       1.55364e-20       1.55364e-20       0.00000e+00
 108.2000000       1.08467e-20       1.08467e-20       0.00000e+00
 108.4000000       7.50567e-21       7.50567e-21       0.00000e+00
 108.6000000       5.14789e-21       5.14789e-21       0.00000e+00
 108.8000000       3.49958e-21       3.49958e-21       0.00000e+00
 109.0000000       2.35803e-21       2.35803e-21       0.00000e+00
 109.2000000       1.57481e-21       1.57481e-21       0.00000e+00
 109.4000000       1.04245e-21       1.04245e-21       0.00000e+00
 109.6000000       6.83959e-22       6.83959e-22       0.00000e+00
 109.8000000       4.44785e-22       4.44785e-22       0.00000e+00
 110.0000000       2.86694e-22       2.86694e-22       0.00000e+00
 110.2000000       1.83161e-22       1.83161e-22       0.00000e+00
 110.4000000       1.15983e-22       1.15983e-22       0.00000e+00
 110.6000000       7.27949e-23       7.27949e-23       0.00000e+00
 110.8000000       4.52851e-23       4.52851e-23       0.00000e+00
 111.0000000       2.79227e-23       2.79227e-23       0.00000e+00
 111.2000000       1.70650e-23       1.70650e-23       0.00000e+00
 111.4000000       1.03371e-23       1.03371e-23       0.00000e+00
 111.6000000       6.20644e-24       6.20644e-24       0.00000e+00
 111.8000000       3.69344e-24       3.69344e-24       0.00000e+00
 112.0000000       2.17855e-24       2.17855e-24       0.00000e+00
 112.2000000       1.27365e-24       1.27365e-24       0.00000e+00
 112.4000000       7.38037e-25       7.38037e-25       0.00000e+00
 112.6000000       4.23891e-25       4.23891e-25       0.00000e+00
 112.8000000       2.41311e-25       2.41311e-25       0.00000e+00
 113.0000000       1.36159e-25       1.36159e-25       0.00000e+00
 113.2000000       7.61488e-26       7.61488e-26       0.00000e+00
 113.4000000       4.22111e-26       4.22111e-26       0.00000e+00
 113.6000000       2.31919e-26       2.31919e-26       0.00000e+00
 113.8000000       1.26297e-26       1.26297e-26       0.00000e+00
 115.0000000       0.00000e+00       0.00000e+00       0.00000e+00
 115.2000000       0.00000e+00       0.00000e+00       0.00000e+00
 115.4000000       0.00000e+00       0.00000e+00       0.00000e+00
 115.6000000       0.00000e+00       0.00000e+00       0.00000e+00
 115.8000000       0.00000e+00       0.00000e+00       0.00000e+00
 116.0000000       0.00000e+00       0.00000e+00       0.00000e+00
 116.2000000       0.00000e+00       0.00000e+00       0.00000e+00
 116.4000000       0.00000e+00       0.00000e+00       0.00000e+00
 116.6000000       0.00000e+00       0.00000e+00       0.00000e+00
 116.8000000       0.00000e+00       0.00000e+00       0.00000e+00
 117.0000000       0.00000e+00       0.00000e+00       0.00000e+00
 117.2000000       0.00000e+00       0.00000e+00       0.00000e+00
 117.4000000       0.00000e+00       0.00000e+00       0.00000e+00
 117.6000000       0.00000e+00       0.00000e+00       0.00000e+00
 117.8000000       0.00000e+00       0.00000e+00       0.00000e+00
 118.0000000       0.00000e+00       0.00000e+00       0.00000e+00
 118.2000000       0.00000e+00       0.00000e+00       0.00000e+00
 118.4000000       1.42090e-20       1.42090e-20       0.00000e+00
 118.6000000       3.06963e-20       3.06963e-20       0.00000e+00
 118.8000000       3.84552e-20       3.84552e-20       0.00000e+00
 119.0000000       3.77357e-20       3.77357e-20       0.00000e+00
 119.2000000       3.70162e-20       3.70162e-20       0.00000e+00
 119.4000000       2.62767e-20       2.62767e-20       0.00000e+00
 119.6000000       1.44849e-20       1.44849e-20       0.00000e+00
 119.8000000       6.18957e-21       6.18957e-21       0.00000e+00
 120.0000000       6.89754e-21       6.89754e-21       0.00000e+00
 120.2000000       7.60550e-21       7.60550e-21       0.00000e+00
 120.4000000       3.59816e-20       3.59816e-20       0.00000e+00
 120.6000000       6.74493e-20       6.74493e-20       0.00000e+00
 120.8000000       1.02628e-19       1.02628e-19       0.00000e+00
 121.0000000       1.50238e-19       1.50238e-19       0.00000e+00
 121.2000000       2.09374e-19       2.09374e-19       0.00000e+00
 121.4000000       2.63288e-19       2.63288e-19       0.00000e+00
 121.6000000       3.19670e-19       3.19670e-19       0.00000e+00
 121.8000000       3.74434e-19       3.74434e-19       0.00000e+00
 122.0000000       4.36963e-19       4.36963e-19       0.00000e+00
 122.2000000       5.30954e-19       5.30954e-19       0.00000e+00
 122.4000000       6.22295e-19       6.22295e-19       0.00000e+00
 122.6000000       6.88360e-19       6.88360e-19       0.00000e+00
 122.8000000       7.54426e-19       7.54426e-19       0.00000e+00
 123.0000000       8.68507e-19       8.68507e-19       0.00000e+00
 123.2000000       1.01437e-18       1.01437e-18       0.00000e+00
 123.4000000       1.14965e-18       1.14965e-18       0.00000e+00
 123.6000000       1.27975e-18       1.27975e-18       0.00000e+00
 123.8000000       1.43858e-18       1.43858e-18       0.00000e+00
 124.0000000       1.63493e-18       1.63493e-18       0.00000e+00
 124.2000000       1.84092e-18       1.84092e-18       0.00000e+00
 124.4000000       2.05014e-18       2.05014e-18       0.00000e+00
 124.6000000       2.24773e-18       2.24773e-18       0.00000e+00
 124.8000000       2.44184e-18       2.44184e-18       0.00000e+00
 125.0000000       2.63490e-18       2.63490e-18       0.00000e+00
 125.2000000       2.82760e-18       2.82760e-18       0.00000e+00
 125.4000000       3.01967e-18       3.01967e-18       0.00000e+00
 125.6000000       3.29476e-18       3.29476e-18       0.00000e+00
 125.8000000       3.61706e-18       3.61706e-18       0.00000e+00
 126.0000000       3.91697e-18       3.91697e-18       0.00000e+00
 126.2000000       4.17303e-18       4.17303e-18       0.00000e+00
 126.4000000       4.48700e-18       4.48700e-18       0.00000e+00
 126.6000000       4.93027e-18       4.93027e-18       0.00000e+00
 126.8000000       5.28519e-18       5.28519e-18       0.00000e+00
 127.0000000       5.69803e-18       5.69803e-18       0.00000e+00
 127.2000000       6.21853e-18       6.21853e-18       0.00000e+00
 127.4000000       6.60648e-18       6.60648e-18       0.00000e+00
 127.6000000       7.10309e-18       7.10309e-18       0.00000e+00
 127.8000000       7.63488e-18       7.63488e-18       0.00000e+00
 128.0000000       8.16666e-18       8.16666e-18       0.00000e+00
 128.2000000       8.67961e-18       8.67961e-18       0.00000e+00
 128.4000000       9.29850e-18       9.29850e-18       0.00000e+00
 128.6000000       9.80804e-18       9.80804e-18       0.00000e+00
 128.8000000       1.02961e-17       1.02961e-17       0.00000e+00
 129.0000000       1.07452e-17       1.07452e-17       0.00000e+00
 129.2000000       1.11701e-17       1.11701e-17       0.00000e+00
 129.4000000       1.18556e-17       1.18556e-17       0.00000e+00
 129.6000000       1.24826e-17       1.24826e-17       0.00000e+00
 129.8000000       1.30271e-17       1.30271e-17       0.00000e+00
 130.0000000       1.34583e-17       1.34583e-17       0.00000e+00
 130.2000000       1.39315e-17       1.39315e-17       0.00000e+00
 130.4000000       1.44709e-17       1.44709e-17       0.00000e+00
 130.6000000       1.49998e-17       1.49998e-17       0.00000e+00
 130.8000000       1.53052e-17       1.53052e-17       0.00000e+00
 131.0000000       1.56358e-17       1.56358e-17       0.00000e+00
 131.2000000       1.59095e-17       1.59095e-17       0.00000e+00
 131.4000000       1.60486e-17       1.60486e-17       0.00000e+00
 131.6000000       1.61954e-17       1.61954e-17       0.00000e+00
 131.8000000       1.62404e-17       1.62404e-17       0.00000e+00
 132.0000000       1.61991e-17       1.61991e-17       0.00000e+00
 132.2000000       1.60817e-17       1.60817e-17       0.00000e+00
 132.4000000       1.59238e-17       1.59238e-17       0.00000e+00
 132.6000000       1.56896e-17       1.56896e-17       0.00000e+00
 132.8000000       1.53996e-17       1.53996e-17       0.00000e+00
 133.0000000       1.50079e-17       1.50079e-17       0.00000e+00
 133.2000000       1.49006e-17       1.49006e-17       0.00000e+00
 133.4000000       1.43573e-17       1.43573e-17       0.00000e+00
 133.6000000       1.35753e-17       1.35753e-17       0.00000e+00
 133.8000000       1.33043e-17       1.33043e-17       0.00000e+00
 134.0000000       1.27080e-17       1.27080e-17       0.00000e+00
 134.2000000       1.21982e-17       1.21982e-17       0.00000e+00
 134.4000000       1.16977e-17       1.16977e-17       0.00000e+00
 134.6000000       1.12676e-17       1.12676e-17       0.00000e+00
 134.8000000       1.09289e-17       1.09289e-17       0.00000e+00
 135.0000000       1.06617e-17       1.06617e-17       0.00000e+00
 135.2000000       1.02818e-17       1.02818e-17       0.00000e+00
 135.4000000       1.00005e-17       1.00005e-17       0.00000e+00
 135.6000000       9.74736e-18       9.74736e-18       0.00000e+00
 135.8000000       9.55110e-18       9.55110e-18       0.00000e+00
 136.0000000       9.35599e-18       9.35599e-18       0.00000e+00
 136.2000000       9.20293e-18       9.20293e-18       0.00000e+00
 136.4000000       9.06947e-18       9.06947e-18       0.00000e+00
 136.6000000       8.93579e-18       8.93579e-18       0.00000e+00
 136.8000000       8.81053e-18       8.81053e-18       0.00000e+00
 137.0000000       8.75088e-18       8.75088e-18       0.00000e+00
 137.2000000       8.68754e-18       8.68754e-18       0.00000e+00
 137.4000000       8.64135e-18       8.64135e-18       0.00000e+00
 137.6000000       8.59331e-18       8.59331e-18       0.00000e+00
 137.8000000       8.56456e-18       8.56456e-18       0.00000e+00
 138.0000000       8.51995e-18       8.51995e-18       0.00000e+00
 138.2000000       8.48639e-18       8.48639e-18       0.00000e+00
 138.4000000       8.48919e-18       8.48919e-18       0.00000e+00
 138.6000000       8.49344e-18       8.49344e-18       0.00000e+00
 138.8000000       8.52840e-18       8.52840e-18       0.00000e+00
 139.0000000       8.53015e-18       8.53015e-18       0.00000e+00
 139.2000000       8.54143e-18       8.54143e-18       0.00000e+00
 139.4000000       8.55970e-18       8.55970e-18       0.00000e+00
 139.6000000       8.57833e-18       8.57833e-18       0.00000e+00
 139.8000000       8.60340e-18       8.60340e-18       0.00000e+00
 140.0000000       8.60475e-18       8.60475e-18       0.00000e+00
 140.2000000       8.60978e-18       8.60978e-18       0.00000e+00
 140.4000000       8.62241e-18       8.62241e-18       0.00000e+00
 140.6000000       8.61099e-18       8.61099e-18       0.00000e+00
 140.8000000       8.59956e-18       8.59956e-18       0.00000e+00
 141.0000000       8.59833e-18       8.59833e-18       0.00000e+00
 141.2000000       8.57450e-18       8.57450e-18       0.00000e+00
 141.4000000       8.55067e-18       8.55067e-18       0.00000e+00
 141.6000000       8.52711e-18       8.52711e-18       0.00000e+00
 141.8000000       8.46841e-18       8.46841e-18       0.00000e+00
 142.0000000       8.39801e-18       8.39801e-18       0.00000e+00
 142.2000000       8.33387e-18       8.33387e-18       0.00000e+00
 142.4000000       8.28727e-18       8.28727e-18       0.00000e+00
 142.6000000       8.21520e-18       8.21520e-18       0.00000e+00
 142.8000000       8.14314e-18       8.14314e-18       0.00000e+00
 143.0000000       8.06054e-18       8.06054e-18       0.00000e+00
 143.2000000       7.94733e-18       7.94733e-18       0.00000e+00
 143.4000000       7.81919e-18       7.81919e-18       0.00000e+00
 143.6000000       7.68602e-18       7.68602e-18       0.00000e+00
 143.8000000       7.53327e-18       7.53327e-18       0.00000e+00
 144.0000000       7.38053e-18       7.38053e-18       0.00000e+00
 144.2000000       7.24564e-18       7.24564e-18       0.00000e+00
 144.4000000       7.09381e-18       7.09381e-18       0.00000e+00
 144.6000000       6.94239e-18       6.94239e-18       0.00000e+00
 144.8000000       6.80899e-18       6.80899e-18       0.00000e+00
 145.0000000       6.67713e-18       6.67713e-18       0.00000e+00
 145.2000000       6.50597e-18       6.50597e-18       0.00000e+00
 145.4000000       6.31777e-18       6.31777e-18       0.00000e+00
 145.6000000       6.12958e-18       6.12958e-18       0.00000e+00
 145.8000000       5.93401e-18       5.93401e-18       0.00000e+00
 146.0000000       5.73813e-18       5.73813e-18       0.00000e+00
 146.2000000       5.56359e-18       5.56359e-18       0.00000e+00
 146.4000000       5.38899e-18       5.38899e-18       0.00000e+00
 146.6000000       5.19536e-18       5.19536e-18       0.00000e+00
 146.8000000       5.02146e-18       5.02146e-18       0.00000e+00
 147.0000000       4.86839e-18       4.86839e-18       0.00000e+00
 147.2000000       4.71486e-18       4.71486e-18       0.00000e+00
 147.4000000       4.54207e-18       4.54207e-18       0.00000e+00
 147.6000000       4.35970e-18       4.35970e-18       0.00000e+00
 147.8000000       4.20803e-18       4.20803e-18       0.00000e+00
 148.0000000       4.05272e-18       4.05272e-18       0.00000e+00
 148.2000000       3.89186e-18       3.89186e-18       0.00000e+00
 148.4000000       3.72402e-18       3.72402e-18       0.00000e+00
 148.6000000       3.54408e-18       3.54408e-18       0.00000e+00
 148.8000000       3.37941e-18       3.37941e-18       0.00000e+00
 149.0000000       3.23707e-18       3.23707e-18       0.00000e+00
 149.2000000       3.09197e-18       3.09197e-18       0.00000e+00
 149.4000000       2.94763e-18       2.94763e-18       0.00000e+00
 149.6000000       2.80975e-18       2.80975e-18       0.00000e+00
 149.8000000       2.67588e-18       2.67588e-18       0.00000e+00
 150.0000000       2.53849e-18       2.53849e-18       0.00000e+00
 150.2000000       2.41325e-18       2.41325e-18       0.00000e+00
 150.4000000       2.31581e-18       2.31581e-18       0.00000e+00
 150.6000000       2.21836e-18       2.21836e-18       0.00000e+00
 150.8000000       2.09554e-18       2.09554e-18       0.00000e+00
 151.0000000       1.96633e-18       1.96633e-18       0.00000e+00
 151.2000000       1.83824e-18       1.83824e-18       0.00000e+00
 151.4000000       1.75776e-18       1.75776e-18       0.00000e+00
 151.6000000       1.67728e-18       1.67728e-18       0.00000e+00
 151.8000000       1.59555e-18       1.59555e-18       0.00000e+00
 152.0000000       1.51337e-18       1.51337e-18       0.00000e+00
 152.2000000       1.43119e-18       1.43119e-18       0.00000e+00
 152.4000000       1.35722e-18       1.35722e-18       0.00000e+00
 152.6000000       1.28594e-18       1.28594e-18       0.00000e+00
 152.8000000       1.21466e-18       1.21466e-18       0.00000e+00
 153.0000000       1.14734e-18       1.14734e-18       0.00000e+00
 153.2000000       1.08850e-18       1.08850e-18       0.00000e+00
 153.4000000       1.02965e-18       1.02965e-18       0.00000e+00
 153.6000000       9.70813e-19       9.70813e-19       0.00000e+00
 153.8000000       9.22393e-19       9.22393e-19       0.00000e+00
 154.0000000       8.75760e-19       8.75760e-19       0.00000e+00
 154.2000000       8.30442e-19       8.30442e-19       0.00000e+00
 154.4000000       7.89384e-19       7.89384e-19       0.00000e+00
 154.6000000       7.48326e-19       7.48326e-19       0.00000e+00
 154.8000000       7.07268e-19       7.07268e-19       0.00000e+00
 155.0000000       6.64890e-19       6.64890e-19       0.00000e+00
 155.2000000       6.19046e-19       6.19046e-19       0.00000e+00
 155.4000000       5.73202e-19       5.73202e-19       0.00000e+00
 155.6000000       5.36962e-19       5.36962e-19       0.00000e+00
 155.8000000       5.06782e-19       5.06782e-19       0.00000e+00
 156.0000000       4.76603e-19       4.76603e-19       0.00000e+00
 156.2000000       4.46423e-19       4.46423e-19       0.00000e+00
 156.4000000       4.16426e-19       4.16426e-19       0.00000e+00
 156.6000000       3.86558e-19       3.86558e-19       0.00000e+00
 156.8000000       3.56689e-19       3.56689e-19       0.00000e+00
 157.0000000       3.26820e-19       3.26820e-19       0.00000e+00
 157.2000000       3.03326e-19       3.03326e-19       0.00000e+00
 157.4000000       2.85754e-19       2.85754e-19       0.00000e+00
 157.6000000       2.68183e-19       2.68183e-19       0.00000e+00
 157.8000000       2.50612e-19       2.50612e-19       0.00000e+00
 158.0000000       2.33040e-19       2.33040e-19       0.00000e+00
 158.2000000       1.47991e-19       1.47991e-19       0.00000e+00
 158.4000000       1.04749e-19       1.04749e-19       0.00000e+00
 158.6000000       9.62939e-20       9.62939e-20       0.00000e+00
 158.8000000       8.78384e-20       8.78384e-20       0.00000e+00
 159.0000000       7.93829e-20       7.93829e-20       0.00000e+00
 159.2000000       7.09274e-20       7.09274e-20       0.00000e+00
 159.4000000       6.16557e-20       6.16557e-20       0.00000e+00
 159.6000000       5.23228e-20       5.23228e-20       0.00000e+00
 159.8000000       4.29900e-20       4.29900e-20       0.00000e+00
 160.0000000       3.36571e-20       3.36571e-20       0.00000e+00
 160.2000000       3.80887e-20       3.80887e-20       0.00000e+00
 160.4000000       4.81258e-20       4.81258e-20       0.00000e+00
 160.6000000       5.81628e-20       5.81628e-20       0.00000e+00
 160.8000000       6.81998e-20       6.81998e-20       0.00000e+00
 161.0000000       7.38848e-20       7.38848e-20       0.00000e+00
 161.2000000       7.42758e-20       7.42758e-20       0.00000e+00
 161.4000000       7.46668e-20       7.46668e-20       0.00000e+00
 161.6000000       7.50578e-20       7.50578e-20       0.00000e+00
 161.8000000       7.54487e-20       7.54487e-20       0.00000e+00
 162.0000000       7.58367e-20       7.58367e-20       0.00000e+00
 162.2000000       7.62231e-20       7.62231e-20       0.00000e+00
 162.4000000       7.66094e-20       7.66094e-20       0.00000e+00
 162.6000000       7.69958e-20       7.69958e-20       0.00000e+00
 162.8000000       7.73822e-20       7.73822e-20       0.00000e+00
 163.0000000       7.77648e-20       7.77648e-20       0.00000e+00
 163.2000000       7.81466e-20       7.81466e-20       0.00000e+00
 163.4000000       7.85284e-20       7.85284e-20       0.00000e+00
 163.6000000       7.89102e-20       7.89102e-20       0.00000e+00
 163.8000000       7.92919e-20       7.92919e-20       0.00000e+00
 164.0000000       7.21285e-20       7.21285e-20       0.00000e+00
 164.2000000       6.42377e-20       6.42377e-20       0.00000e+00
 164.4000000       5.63469e-20       5.63469e-20       0.00000e+00
 164.6000000       4.84561e-20       4.84561e-20       0.00000e+00
 164.8000000       4.05653e-20       4.05653e-20       0.00000e+00
 165.0000000       2.49732e-19       2.49732e-19       0.00000e+00
 165.2000000       0.00000e+00       0.00000e+00       0.00000e+00
 165.4000000       0.00000e+00       0.00000e+00       0.00000e+00
 165.6000000       0.00000e+00       0.00000e+00       0.00000e+00
 165.8000000       0.00000e+00       0.00000e+00       0.00000e+00
 166.0000000       0.00000e+00       0.00000e+00       0.00000e+00
 166.2000000       0.00000e+00       0.00000e+00       0.00000e+00
 166.4000000       0.00000e+00       0.00000e+00       0.00000e+00
 166.6000000       0.00000e+00       0.00000e+00       0.00000e+00
 166.8000000       0.00000e+00       0.00000e+00       0.00000e+00
 167.0000000       0.00000e+00       0.00000e+00       0.00000e+00
 167.2000000       0.00000e+00       0.00000e+00       0.00000e+00
 167.4000000       0.00000e+00       0.00000e+00       0.00000e+00
 167.6000000       0.00000e+00       0.00000e+00       0.00000e+00
 167.8000000       0.00000e+00       0.00000e+00       0.00000e+00
 168.0000000       0.00000e+00       0.00000e+00       0.00000e+00
 168.2000000       0.00000e+00       0.00000e+00       0.00000e+00
 168.4000000       0.00000e+00       0.00000e+00       0.00000e+00
 168.6000000       0.00000e+00       0.00000e+00       0.00000e+00
 168.8000000       0.00000e+00       0.00000e+00       0.00000e+00
 169.0000000       0.00000e+00       0.00000e+00       0.00000e+00
 169.2000000       0.00000e+00       0.00000e+00       0.00000e+00
 169.4000000       0.00000e+00       0.00000e+00       0.00000e+00
 169.6000000       0.00000e+00       0.00000e+00       0.00000e+00
 169.8000000       0.00000e+00       0.00000e+00       0.00000e+00
 250.1250625       1.80900e-55       9.04500e-56       0.00000e+00
 250.2502503       5.84716e-55       2.92358e-55       0.00000e+00
 250.3755633       1.87326e-54       9.36631e-55       0.00000e+00
 250.5010020       5.94838e-54       2.97419e-54       0.00000e+00
 250.6265664       1.87217e-53       9.36086e-54       0.00000e+00
 250.7522568       5.84036e-53       2.92018e-53       0.00000e+00
 250.8780733       1.80584e-52       9.02922e-53       0.00000e+00
 251.0040161       5.53436e-52       2.76718e-52       0.00000e+00
 251.1300854       1.68113e-51       8.40566e-52       0.00000e+00
 251.2562814       5.06154e-51       2.53077e-51       0.00000e+00
 251.3826043       1.51046e-50       7.55232e-51       0.00000e+00
 251.5090543       4.46771e-50       2.23386e-50       0.00000e+00
 251.6356316       1.30981e-49       6.54903e-50       0.00000e+00
 251.7623364       3.80605e-49       1.90303e-49       0.00000e+00
 251.8891688       1.09620e-48       5.48100e-49       0.00000e+00
 252.0161290       3.12934e-48       1.56467e-48       0.00000e+00
 252.1432173       8.85443e-48       4.42722e-48       0.00000e+00
 252.2704339       2.48323e-47       1.24161e-47       0.00000e+00
 252.3977789       6.90270e-47       3.45135e-47       0.00000e+00
 252.5252525       1.90181e-46       9.50907e-47       0.00000e+00
 252.6528550       5.19355e-46       2.59677e-46       0.00000e+00
 252.7805865       1.40575e-45       7.02873e-46       0.00000e+00
 252.9084471       3.77135e-45       1.88567e-45       0.00000e+00
 253.0364372       1.00284e-44       5.01422e-45       0.00000e+00
 253.1645570       2.64312e-44       1.32156e-44       0.00000e+00
 253.2928065       6.90472e-44       3.45236e-44       0.00000e+00
 253.4211860       1.78782e-43       8.93909e-44       0.00000e+00
 253.5496957       4.58825e-43       2.29412e-43       0.00000e+00
 253.6783359       1.16713e-42       5.83563e-43       0.00000e+00
 253.8071066       2.94262e-42       1.47131e-42       0.00000e+00
 253.9360081       7.35358e-42       3.67679e-42       0.00000e+00
 254.0650407       1.82142e-41       9.10710e-42       0.00000e+00
 254.1942044       4.47165e-41       2.23583e-41       0.00000e+00
 254.3234995       1.08811e-40       5.44055e-41       0.00000e+00
 254.4529262       2.62436e-40       1.31218e-40       0.00000e+00
 254.5824847       6.27368e-40       3.13684e-40       0.00000e+00
 254.7121752       1.48651e-39       7.43254e-40       0.00000e+00
 254.8419980       3.49107e-39       1.74554e-39       0.00000e+00
 254.9719531       8.12639e-39       4.06320e-39       0.00000e+00
 255.1020408       1.87492e-38       9.37461e-39       0.00000e+00
 255.2322614       4.28761e-38       2.14381e-38       0.00000e+00
 255.3626149       9.71840e-38       4.85920e-38       0.00000e+00
 255.4931017       2.18334e-37       1.09167e-37       0.00000e+00
 255.6237219       4.86176e-37       2.43088e-37       0.00000e+00
 255.7544757       1.07303e-36       5.36517e-37       0.00000e+00
 255.8853634       2.34736e-36       1.17368e-36       0.00000e+00
 256.0163850       5.08971e-36       2.54485e-36       0.00000e+00
 256.1475410       1.09384e-35       5.46919e-36       0.00000e+00
 256.2788314       2.33002e-35       1.16501e-35       0.00000e+00
 256.4102564       4.91942e-35       2.45971e-35       0.00000e+00
 256.5418163       1.02947e-34       5.14735e-35       0.00000e+00
 256.6735113       2.13531e-34       1.06766e-34       0.00000e+00
 256.8053416       4.38991e-34       2.19495e-34       0.00000e+00
 256.9373073       8.94533e-34       4.47267e-34       0.00000e+00
 257.0694087       1.80669e-33       9.03346e-34       0.00000e+00
 257.2016461       3.61675e-33       1.80838e-33       0.00000e+00
 257.3340196       7.17629e-33       3.58815e-33       0.00000e+00
 257.4665294       1.41133e-32       7.05665e-33       0.00000e+00
 257.5991757       2.75108e-32       1.37554e-32       0.00000e+00
 257.7319588       5.31527e-32       2.65763e-32       0.00000e+00
 257.8648788       1.01787e-31       5.08937e-32       0.00000e+00
 257.9979360       1.93201e-31       9.66005e-32       0.00000e+00
 258.1311306       3.63473e-31       1.81736e-31       0.00000e+00
 258.2644628       6.77768e-31       3.38884e-31       0.00000e+00
 258.3979328       1.25267e-30       6.26335e-31       0.00000e+00
 258.5315408       2.29477e-30       1.14739e-30       0.00000e+00
 258.6652871       4.16667e-30       2.08333e-30       0.00000e+00
 258.7991718       7.49869e-30       3.74934e-30       0.00000e+00
 258.9331952       1.33761e-29       6.68804e-30       0.00000e+00
 259.0673575       2.36493e-29       1.18247e-29       0.00000e+00
 259.2016589       4.14434e-29       2.07217e-29       0.00000e+00
 259.3360996       7.19845e-29       3.59923e-29       0.00000e+00
 259.4706798       1.23928e-28       6.19640e-29       0.00000e+00
 259.6053998       2.11469e-28       1.05735e-28       0.00000e+00
 259.7402597       3.57660e-28       1.78830e-28       0.00000e+00
 259.8752599       5.99573e-28       2.99786e-28       0.00000e+00
 260.0104004       9.96230e-28       4.98115e-28       0.00000e+00
 260.1456816       1.64068e-27       8.20340e-28       0.00000e+00
 260.2811036       2.67815e-27       1.33908e-27       0.00000e+00
 260.4166667       4.33305e-27       2.16652e-27       0.00000e+00
 260.5523710       6.94862e-27       3.47431e-27       0.00000e+00
 260.6882169       1.10446e-26       5.52230e-27       0.00000e+00
 260.8242045       1.74000e-26       8.69999e-27       0.00000e+00
 260.9603340       2.71703e-26       1.35851e-26       0.00000e+00
 261.0966057       4.20520e-26       2.10260e-26       0.00000e+00
 261.2330199       6.45098e-26       3.22549e-26       0.00000e+00
 261.3695766       9.80870e-26       4.90435e-26       0.00000e+00
 261.5062762       1.47824e-25       7.39119e-26       0.00000e+00
 261.6431188       2.20813e-25       1.10406e-25       0.00000e+00
 261.7801047       3.26926e-25       1.63463e-25       0.00000e+00
 261.9172342       4.79759e-25       2.39880e-25       0.00000e+00
 262.0545073       6.97820e-25       3.48910e-25       0.00000e+00
 262.1919245       1.00603e-24       5.03014e-25       0.00000e+00
 262.3294858       1.43755e-24       7.18776e-25       0.00000e+00
 262.4671916       2.03603e-24       1.01801e-24       0.00000e+00
 262.6050420       2.85819e-24       1.42910e-24       0.00000e+00
 262.7430373       3.97690e-24       1.98845e-24       0.00000e+00
 262.8811777       5.48461e-24       2.74231e-24       0.00000e+00
 263.0194634       7.49711e-24       3.74855e-24       0.00000e+00
 263.1578947       1.01575e-23       5.07877e-24       0.00000e+00
 263.2964718       1.36405e-23       6.82024e-24       0.00000e+00
 263.4351949       1.81559e-23       9.07795e-24       0.00000e+00
 263.5740643       2.39526e-23       1.19763e-23       0.00000e+00
 263.7130802       3.13209e-23       1.56605e-23       0.00000e+00
 263.8522427       4.05941e-23       2.02970e-23       0.00000e+00
 263.9915523       5.21481e-23       2.60740e-23       0.00000e+00
 264.1310090       6.63988e-23       3.31994e-23       0.00000e+00
 264.2706131       8.37972e-23       4.18986e-23       0.00000e+00
 264.4103649       1.04820e-22       5.24101e-23       0.00000e+00
 264.5502646       1.29959e-22       6.49797e-23       0.00000e+00
 264.6903123       1.59705e-22       7.98523e-23       0.00000e+00
 264.8305085       1.94524e-22       9.72621e-23       0.00000e+00
 264.9708532       2.34843e-22       1.17421e-22       0.00000e+00
 265.1113468       2.81013e-22       1.40507e-22       0.00000e+00
 265.2519894       3.33291e-22       1.66645e-22       0.00000e+00
 265.3927813       3.91802e-22       1.95901e-22       0.00000e+00
 265.5337228       4.56517e-22       2.28259e-22       0.00000e+00
 265.6748140       5.27223e-22       2.63612e-22       0.00000e+00
 265.8160553       6.03502e-22       3.01751e-22       0.00000e+00
 265.9574468       6.84714e-22       3.42357e-22       0.00000e+00
 266.0989888       7.69993e-22       3.84997e-22       0.00000e+00
 266.2406816       8.58245e-22       4.29123e-22       0.00000e+00
 266.3825253       9.48162e-22       4.74081e-22       0.00000e+00
 266.5245203       1.03825e-21       5.19123e-22       0.00000e+00
 266.6666667       1.12685e-21       5.63424e-22       0.00000e+00
 266.8089648       1.21221e-21       6.06104e-22       0.00000e+00
 266.9514148       1.29252e-21       6.46258e-22       0.00000e+00
 267.0940171       1.36597e-21       6.82985e-22       0.00000e+00
 267.2367718       1.43085e-21       7.15424e-22       0.00000e+00
 267.3796791       1.48557e-21       7.42783e-22       0.00000e+00
 267.5227394       1.52876e-21       7.64378e-22       0.00000e+00
 267.6659529       1.55930e-21       7.79652e-22       0.00000e+00
 267.8093198       1.57641e-21       7.88207e-22       0.00000e+00
 267.9528403       1.57963e-21       7.89817e-22       0.00000e+00
 268.0965147       1.56888e-21       7.84439e-22       0.00000e+00
 268.2403433       1.54443e-21       7.72217e-22       0.00000e+00
 268.3843264       1.50694e-21       7.53470e-22       0.00000e+00
 268.5284640       1.45737e-21       7.28684e-22       0.00000e+00
 268.6727566       1.39698e-21       6.98489e-22       0.00000e+00
 268.8172043       1.32726e-21       6.63631e-22       0.00000e+00
 268.9618074       1.24989e-21       6.24943e-22       0.00000e+00
 269.1065662       1.16663e-21       5.83313e-22       0.00000e+00
 269.2514809       1.07929e-21       5.39646e-22       0.00000e+00
 269.3965517       9.89677e-22       4.94838e-22       0.00000e+00
 269.5417790       8.99487e-22       4.49743e-22       0.00000e+00
 269.6871629       8.10294e-22       4.05147e-22       0.00000e+00
 269.8327037       7.23498e-22       3.61749e-22       0.00000e+00
 269.9784017       6.40294e-22       3.20147e-22       0.00000e+00
 270.1242572       5.61652e-22       2.80826e-22       0.00000e+00
 270.2702703       4.88318e-22       2.44159e-22       0.00000e+00
 270.4164413       4.20809e-22       2.10405e-22       0.00000e+00
 270.5627706       3.59430e-22       1.79715e-22       0.00000e+00
 270.7092583       3.04291e-22       1.52146e-22       0.00000e+00
 270.8559047       2.55336e-22       1.27668e-22       0.00000e+00
 271.0027100       2.12364e-22       1.06182e-22       0.00000e+00
 271.1496746       1.75064e-22       8.75322e-23       0.00000e+00
 271.2967987       1.43041e-22       7.15205e-23       0.00000e+00
 271.4440825       1.15843e-22       5.79216e-23       0.00000e+00
 271.5915263       9.29881e-23       4.64940e-23       0.00000e+00
 271.7391304       7.39828e-23       3.69914e-23       0.00000e+00
 271.8868951       5.83420e-23       2.91710e-23       0.00000e+00
 272.0348205       4.56014e-23       2.28007e-23       0.00000e+00
 272.1829069       3.53282e-23       1.76641e-23       0.00000e+00
 272.3311547       2.71277e-23       1.35638e-23       0.00000e+00
 272.4795640       2.06467e-23       1.03233e-23       0.00000e+00
 272.6281352       1.55752e-23       7.78762e-24       0.00000e+00
 272.7768685       1.16457e-23       5.82285e-24       0.00000e+00
 272.9257642       8.63065e-24       4.31533e-24       0.00000e+00
 273.0748225       6.33970e-24       3.16985e-24       0.00000e+00
 273.2240437       4.61573e-24       2.30786e-24       0.00000e+00
 273.3734281       3.33088e-24       1.66544e-24       0.00000e+00
 273.5229759       2.38245e-24       1.19122e-24       0.00000e+00
 273.6726875       1.68902e-24       8.44512e-25       0.00000e+00
 273.8225630       1.18685e-24       5.93423e-25       0.00000e+00
 273.9726027       8.26610e-25       4.13305e-25       0.00000e+00
 274.1228070       5.70628e-25       2.85314e-25       0.00000e+00
 274.2731761       3.90438e-25       1.95219e-25       0.00000e+00
 274.4237102       2.64788e-25       1.32394e-25       0.00000e+00
 274.5744097       1.77988e-25       8.89941e-26       0.00000e+00
 274.7252747       1.18585e-25       5.92927e-26       0.00000e+00
 274.8763057       7.83101e-26       3.91550e-26       0.00000e+00
 275.0275028       5.12568e-26       2.56284e-26       0.00000e+00
 275.1788663       3.32530e-26       1.66265e-26       0.00000e+00
 275.3303965       2.13825e-26       1.06912e-26       0.00000e+00
 275.4820937       1.36280e-26       6.81400e-27       0.00000e+00
 275.6339581       8.60900e-27       4.30450e-27       0.00000e+00
 275.7859901       5.39039e-27       2.69520e-27       0.00000e+00
 275.9381898       3.34530e-27       1.67265e-27       0.00000e+00
 276.0905577       2.05777e-27       1.02888e-27       0.00000e+00
 276.2430939       1.25460e-27       6.27298e-28       0.00000e+00
 276.3957988       7.58157e-28       3.79078e-28       0.00000e+00
 276.5486726       4.54112e-28       2.27054e-28       0.00000e+00
 276.7017156       2.69600e-28       1.34796e-28       0.00000e+00
 276.8549280       1.58652e-28       7.93183e-29       0.00000e+00
 277.0083102       9.25539e-29       4.62611e-29       0.00000e+00
 277.1618625       5.35509e-29       2.67426e-29       0.00000e+00
 277.3155851       3.07802e-29       1.53229e-29       0.00000e+00
 277.4694784       1.76773e-29       8.70207e-30       0.00000e+00
 277.6235425       1.03467e-29       4.89837e-30       0.00000e+00
 277.7777778       6.56322e-30       2.73293e-30       0.00000e+00
 277.9321845       5.19303e-30       1.51130e-30       0.00000e+00
 278.0867631       5.91159e-30       8.28363e-31       0.00000e+00
 278.2415136       9.16755e-30       4.50025e-31       0.00000e+00
 278.3964365       1.64071e-29       2.42326e-31       0.00000e+00
 278.5515320       3.06528e-29       1.29333e-31       0.00000e+00
 278.7068004       5.76436e-29       6.84176e-32       0.00000e+00
 278.8622421       1.07915e-28       3.58733e-32       0.00000e+00
 279.0178571       2.00492e-28       1.86433e-32       0.00000e+00
 279.1736460       3.69324e-28       9.60328e-33       0.00000e+00
 279.3296089       6.74383e-28       4.90302e-33       0.00000e+00
 279.4857462       1.22057e-27       2.48116e-33       0.00000e+00
 279.6420582       2.18964e-27       1.24449e-33       0.00000e+00
 279.7985450       3.89339e-27       6.18696e-34       0.00000e+00
 279.9552072       6.86168e-27       3.04866e-34       0.00000e+00
 280.1120448       1.19862e-26       1.48897e-34       0.00000e+00
 280.2690583       2.07528e-26       7.20796e-35       0.00000e+00
 280.4262479       3.56139e-26       3.45847e-35       0.00000e+00
 280.5836139       6.05773e-26       1.64476e-35       0.00000e+00
 280.7411567       1.02129e-25       7.75298e-36       0.00000e+00
 280.8988764       1.70660e-25       3.62227e-36       0.00000e+00
 281.0567735       2.82658e-25       1.67741e-36       0.00000e+00
 281.2148481       4.64022e-25       7.69921e-37       0.00000e+00
 281.3731007       7.55028e-25       3.50267e-37       0.00000e+00
 281.5315315       1.21768e-24       1.57942e-37       0.00000e+00
 281.6901408       1.94649e-24       7.05904e-38       0.00000e+00
 281.8489290       3.08402e-24       3.12708e-38       0.00000e+00
 282.0078962       4.84315e-24       1.37303e-38       0.00000e+00
 282.1670429       7.53852e-24       5.97538e-39       0.00000e+00
 282.3263693       1.16303e-23       2.57751e-39       0.00000e+00
 282.4858757       1.77846e-23       1.10200e-39       0.00000e+00
 282.6455625       2.69552e-23       4.66990e-40       0.00000e+00
 282.8054299       4.04937e-23       1.96147e-40       0.00000e+00
 282.9654782       6.02948e-23       8.16588e-41       0.00000e+00
 283.1257078       8.89855e-23       3.36954e-41       0.00000e+00
 283.2861190       1.30168e-22       1.37811e-41       0.00000e+00
 283.4467120       1.88729e-22       5.58659e-42       0.00000e+00
 283.6074872       2.71217e-22       2.24468e-42       0.00000e+00
 283.7684449       3.86317e-22       8.93944e-43       0.00000e+00
 283.9295855       5.45403e-22       3.52868e-43       0.00000e+00
 284.0909091       7.63198e-22       1.38058e-43       0.00000e+00
 284.2524161       1.05853e-21       5.35373e-44       0.00000e+00
 284.4141069       1.45518e-21       2.05778e-44       0.00000e+00
 284.5759818       1.98280e-21       7.83949e-45       0.00000e+00
 284.7380410       2.67785e-21       2.96022e-45       0.00000e+00
 284.9002849       3.58459e-21       1.10792e-45       0.00000e+00
 285.0627138       4.75599e-21       4.10995e-46       0.00000e+00
 285.2253280       6.25444e-21       1.51117e-46       0.00000e+00
 285.3881279       8.15236e-21       5.50727e-47       0.00000e+00
 285.5511136       1.05323e-20       1.98933e-47       0.00000e+00
 285.7142857       1.34869e-20       7.12234e-48       0.00000e+00
 285.8776444       1.71178e-20       2.52747e-48       0.00000e+00
 286.0411899       2.15343e-20       8.88991e-49       0.00000e+00
 286.2049227       2.68509e-20       3.09924e-49       0.00000e+00
 286.3688431       3.31844e-20       1.07092e-49       0.00000e+00
 286.5329513       4.06496e-20       3.66783e-50       0.00000e+00
 286.6972477       4.93544e-20       1.24511e-50       0.00000e+00
 286.8617326       5.93939e-20       4.18940e-51       0.00000e+00
 287.0264064       7.08442e-20       1.39715e-51       0.00000e+00
 287.1912694       8.37556e-20       4.61830e-52       0.00000e+00
 287.3563218       9.81455e-20       1.51310e-52       0.00000e+00
 287.5215641       1.13992e-19       4.91359e-53       0.00000e+00
 287.6869965       1.31227e-19       1.58153e-53       0.00000e+00
 287.8526195       1.49734e-19       5.04548e-54       0.00000e+00
 288.0184332       1.69342e-19       1.59542e-54       0.00000e+00
 288.1844380       1.89825e-19       5.00028e-55       0.00000e+00
 288.3506344       2.10907e-19       1.55332e-55       0.00000e+00
 288.5170225       2.32261e-19       4.78270e-56       0.00000e+00
 288.6836028       2.53517e-19       1.45960e-56       0.00000e+00
 288.8503755       2.74274e-19       4.41508e-57       0.00000e+00
 289.0173410       2.94110e-19       1.32371e-57       0.00000e+00
 289.1844997       3.12594e-19       3.93362e-58       0.00000e+00
 289.3518519       3.29305e-19       1.15861e-58       0.00000e+00
 289.5193978       3.43846e-19       3.38246e-59       0.00000e+00
 289.6871379       3.55857e-19       9.78753e-60       0.00000e+00
 289.8550725       3.65035e-19       2.80712e-60       0.00000e+00
 290.0232019       3.71142e-19       7.97985e-61       0.00000e+00
 290.1915264       3.74017e-19       2.24841e-61       0.00000e+00
 290.3600465       3.73586e-19       6.27919e-62       0.00000e+00
 290.5287623       3.69860e-19       1.73811e-62       0.00000e+00
 290.6976744       3.62936e-19       4.76869e-63       0.00000e+00
 290.8667830       3.52995e-19       1.29678e-63       0.00000e+00
 291.0360885       3.40295e-19       3.49528e-64       0.00000e+00
 291.2055911       3.25154e-19       9.33779e-65       0.00000e+00
 291.3752914       3.07942e-19       2.47259e-65       0.00000e+00
 291.5451895       2.89065e-19       6.48946e-66       0.00000e+00
 291.7152859       2.68948e-19       1.68815e-66       0.00000e+00
 291.8855809       2.48022e-19       4.35271e-67       0.00000e+00
 292.0560748       2.26703e-19       1.11239e-67       0.00000e+00
 292.2267680       2.05386e-19       2.81772e-68       0.00000e+00
 292.3976608       1.84430e-19       7.07437e-69       0.00000e+00
 292.5687537       1.64149e-19       1.76045e-69       0.00000e+00
 292.7400468       1.44808e-19       4.34218e-70       0.00000e+00
 292.9115407       1.26618e-19       1.06154e-70       0.00000e+00
 293.0832356       1.09735e-19       2.57226e-71       0.00000e+00
 293.2551320       9.42624e-20       6.17786e-72       0.00000e+00
 293.4272300       8.02565e-20       1.47065e-72       0.00000e+00
 293.5995302       6.77281e-20       3.46997e-73       0.00000e+00
 293.7720329       5.66505e-20       8.11502e-74       0.00000e+00
 293.9447384       4.69663e-20       1.88105e-74       0.00000e+00
 294.1176471       3.85936e-20       4.32174e-75       0.00000e+00
 294.2907593       3.14334e-20       9.84153e-76       0.00000e+00
 294.4640754       2.53755e-20       2.22133e-76       0.00000e+00
 294.6375958       2.03041e-20       4.96949e-77       0.00000e+00
 294.8113208       1.61027e-20       1.10194e-77       0.00000e+00
 294.9852507       1.26579e-20       2.42186e-78       0.00000e+00
 295.1593861       9.86217e-21       5.27579e-79       0.00000e+00
 295.3337271       7.61604e-21       1.13913e-79       0.00000e+00
 295.5082742       5.82952e-21       2.43784e-80       0.00000e+00
 295.6830278       4.42266e-21       5.17111e-81       0.00000e+00
 295.8579882       3.32568e-21       1.08720e-81       0.00000e+00
 296.0331557       2.47870e-21       2.26560e-82       0.00000e+00
 296.2085308       1.83111e-21       4.67953e-83       0.00000e+00
 296.3841138       1.34077e-21       9.58007e-84       0.00000e+00
 296.5599051       9.73055e-22       1.94393e-84       0.00000e+00
 296.7359050       6.99953e-22       3.90968e-85       0.00000e+00
 296.9121140       4.99053e-22       7.79378e-86       0.00000e+00
 297.0885324       3.52673e-22       1.53993e-86       0.00000e+00
 297.2651605       2.47027e-22       3.01580e-87       0.00000e+00
 297.4419988       1.71499e-22       5.85396e-88       0.00000e+00
 297.6190476       1.18012e-22       1.12627e-88       0.00000e+00
 297.7963073       8.04896e-23       2.14775e-89       0.00000e+00
 297.9737783       5.44125e-23       4.05949e-90       0.00000e+00
 298.1514609       3.64590e-23       7.60513e-91       0.00000e+00
 298.3293556       2.42135e-23       1.41217e-91       0.00000e+00
 298.5074627       1.59388e-23       2.59906e-92       0.00000e+00
 298.6857826       1.03993e-23       4.74123e-93       0.00000e+00
 298.8643156       6.72506e-24       8.57260e-94       0.00000e+00
 299.0430622       4.31058e-24       1.53632e-94       0.00000e+00
 299.2220227       2.73856e-24       2.72896e-95       0.00000e+00
 299.4011976       1.72447e-24       4.80461e-96       0.00000e+00
 299.5805872       1.07631e-24       8.38431e-97       0.00000e+00
 299.7601918       6.65830e-25       1.45018e-97       0.00000e+00
 299.9400120       4.08261e-25       2.48614e-98       0.00000e+00
 300.1200480       2.48118e-25       4.22450e-99       0.00000e+00
 300.3003003       1.49460e-25      7.11495e-100       0.00000e+00
 300.4807692       8.92360e-26      1.18772e-100       0.00000e+00
 300.6614552       5.28082e-26      1.96519e-101       0.00000e+00
 300.8423586       3.09749e-26      3.22286e-102       0.00000e+00
 301.0234798       1.80080e-26      5.23872e-103       0.00000e+00
 301.2048193       1.03769e-26      8.44025e-104       0.00000e+00
 301.3863773       5.92673e-27      1.34782e-104       0.00000e+00
 301.5681544       3.35515e-27      2.13332e-105       0.00000e+00
 301.7501509       1.88261e-27      3.34678e-106       0.00000e+00
 301.9323671       1.04707e-27      5.20409e-107       0.00000e+00
 302.1148036       5.77303e-28      8.02064e-108       0.00000e+00
 302.2974607       3.15683e-28      1.22524e-108       0.00000e+00
 302.4803388       1.71510e-28      1.85515e-109       0.00000e+00
 302.6634383       9.32127e-29      2.78409e-110       0.00000e+00
 302.8467595       5.19682e-29      4.14128e-111       0.00000e+00
 303.0303030       3.22590e-29      6.10567e-112       0.00000e+00
 303.2140691       2.66878e-29      8.92234e-113       0.00000e+00
 303.3980583       3.35405e-29      1.29232e-113       0.00000e+00
 303.5822708       5.64236e-29      1.85528e-114       0.00000e+00
 303.7667072       1.05976e-28      2.63995e-115       0.00000e+00
 303.9513678       2.04382e-28      3.72330e-116       0.00000e+00
 304.1362530       3.94403e-28      5.20484e-117       0.00000e+00
 304.3213634       7.56239e-28      7.21164e-118       0.00000e+00
 304.5066991       1.43814e-27      9.90391e-119       0.00000e+00
 304.6922608       2.71122e-27      1.34811e-119       0.00000e+00
 304.8780488       5.06631e-27      1.81884e-120       0.00000e+00
 305.0640635       9.38363e-27      2.43224e-121       0.00000e+00
 305.2503053       1.72265e-26      3.22379e-122       0.00000e+00
 305.4367746       3.13453e-26      4.23520e-123       0.00000e+00
 305.6234719       5.65319e-26      5.51478e-124       0.00000e+00
 305.8103976       1.01056e-25      7.11752e-125       0.00000e+00
 305.9975520       1.79051e-25      9.10493e-126       0.00000e+00
 306.1849357       3.14440e-25      1.15444e-126       0.00000e+00
 306.3725490       5.47326e-25      1.45082e-127       0.00000e+00
 306.5603924       9.44281e-25      1.80717e-128       0.00000e+00
 306.7484663       1.61474e-24      2.23118e-129       0.00000e+00
 306.9367710       2.73686e-24      2.73034e-130       0.00000e+00
 307.1253071       4.59778e-24      3.31165e-131       0.00000e+00
 307.3140750       7.65579e-24      3.98126e-132       0.00000e+00
 307.5030750       1.26351e-23      4.74397e-133       0.00000e+00
 307.6923077       2.06688e-23      5.60288e-134       0.00000e+00
 307.8817734       3.35119e-23      6.55884e-135       0.00000e+00
 308.0714726       5.38553e-23      7.61008e-136       0.00000e+00
 308.2614057       8.57837e-23      8.75183e-137       0.00000e+00
 308.4515731       1.35434e-22      9.97597e-138       0.00000e+00
 308.6419753       2.11933e-22      1.12709e-138       0.00000e+00
 308.8326127       3.28712e-22      1.26214e-139       0.00000e+00
 309.0234858       5.05335e-22      1.40089e-140       0.00000e+00
 309.2145949       7.69999e-22      1.54116e-141       0.00000e+00
 309.4059406       1.16291e-21      1.68050e-142       0.00000e+00
 309.5975232       1.74081e-21      1.81625e-143       0.00000e+00
 309.7893432       2.58287e-21      1.94562e-144       0.00000e+00
 309.9814011       3.79840e-21      2.06581e-145       0.00000e+00
 310.1736973       5.53663e-21      2.17404e-146       0.00000e+00
 310.3662322       7.99902e-21      2.26773e-147       0.00000e+00
 310.5590062       1.14545e-20      2.34457e-148       0.00000e+00
 310.7520199       1.62577e-20      2.40260e-149       0.00000e+00
 310.9452736       2.28714e-20      2.44031e-150       0.00000e+00
 311.1387679       3.18912e-20      2.45673e-151       0.00000e+00
 311.3325031       4.40755e-20      2.45141e-152       0.00000e+00
 311.5264798       6.03767e-20      2.42449e-153       0.00000e+00
 311.7206983       8.19763e-20      2.37669e-154       0.00000e+00
 311.9151591       1.10320e-19      2.30925e-155       0.00000e+00
 312.1098627       1.47152e-19      2.22391e-156       0.00000e+00
 312.3048095       1.94548e-19      2.12280e-157       0.00000e+00
 312.5000000       2.54937e-19      2.00839e-158       0.00000e+00
 312.6954346       3.31121e-19      1.88337e-159       0.00000e+00
 312.8911139       4.26272e-19      1.75052e-160       0.00000e+00
 313.0870382       5.43919e-19      1.61268e-161       0.00000e+00
 313.2832080       6.87904e-19      1.47256e-162       0.00000e+00
 313.4796238       8.62320e-19      1.33275e-163       0.00000e+00
 313.6762861       1.07141e-18      1.19555e-164       0.00000e+00
 313.8731952       1.31944e-18      1.06300e-165       0.00000e+00
 314.0703518       1.61054e-18      9.36804e-167       0.00000e+00
 314.2677561       1.94849e-18      8.18294e-168       0.00000e+00
 314.4654088       2.33654e-18      7.08463e-169       0.00000e+00
 314.6633103       2.77712e-18      6.07955e-170       0.00000e+00
 314.8614610       3.27162e-18      5.17097e-171       0.00000e+00
 315.0598614       3.82013e-18      4.35933e-172       0.00000e+00
 315.2585120       4.42120e-18      3.64263e-173       0.00000e+00
 315.4574132       5.07165e-18      3.01687e-174       0.00000e+00
 315.6565657       5.76640e-18      2.47654e-175       0.00000e+00
 315.8559697       6.49841e-18      2.01502e-176       0.00000e+00
 316.0556258       7.25866e-18      1.62503e-177       0.00000e+00
 316.2555345       8.03623e-18      1.29895e-178       0.00000e+00
 316.4556962       8.81851e-18      1.02912e-179       0.00000e+00
 316.6561115       9.59147e-18      8.08144e-181       0.00000e+00
 316.8567807       1.03400e-17      6.29011e-182       0.00000e+00
 317.0577045       1.10485e-17      4.85260e-183       0.00000e+00
 317.2588832       1.17013e-17      3.71054e-184       0.00000e+00
 317.4603175       1.22832e-17      2.81220e-185       0.00000e+00
 317.6620076       1.27801e-17      2.11253e-186       0.00000e+00
 317.8639542       1.31797e-17      1.57292e-187       0.00000e+00
 318.0661578       1.34717e-17      1.16080e-188       0.00000e+00
 318.2686187       1.36486e-17      8.49090e-190       0.00000e+00
 318.4713376       1.37056e-17      6.15599e-191       0.00000e+00
 318.6743149       1.36413e-17      4.42373e-192       0.00000e+00
 318.8775510       1.34574e-17      3.15083e-193       0.00000e+00
 319.0810466       1.31587e-17      2.22438e-194       0.00000e+00
 319.2848020       1.27530e-17      1.55647e-195       0.00000e+00
 319.4888179       1.22506e-17      1.07949e-196       0.00000e+00
 319.6930946       1.16640e-17      7.42067e-198       0.00000e+00
 319.8976328       1.10074e-17      5.05609e-199       0.00000e+00
 320.1024328       1.02961e-17      3.41455e-200       0.00000e+00
 320.3074952       9.54562e-18      2.28559e-201       0.00000e+00
 320.5128205       8.77169e-18      1.51639e-202       0.00000e+00
 320.7184092       7.98931e-18      9.97170e-204       0.00000e+00
 320.9242619       7.21244e-18      6.49942e-205       0.00000e+00
 321.1303789       6.45360e-18      4.19882e-206       0.00000e+00
 321.3367609       5.72359e-18      2.68860e-207       0.00000e+00
 321.5434084       5.03131e-18      1.70637e-208       0.00000e+00
 321.7503218       4.38371e-18      1.07341e-209       0.00000e+00
 321.9575016       3.78572e-18      6.69275e-211       0.00000e+00
 322.1649485       3.24043e-18      4.13610e-212       0.00000e+00
 322.3726628       2.74918e-18      2.53352e-213       0.00000e+00
 322.5806452       2.31180e-18      1.53817e-214       0.00000e+00
 322.7888961       1.92683e-18      9.25617e-216       0.00000e+00
 322.9974160       1.59179e-18      5.52084e-217       0.00000e+00
 323.2062056       1.30339e-18      3.26382e-218       0.00000e+00
 323.4152652       1.05781e-18      1.91246e-219       0.00000e+00
 323.6245955       8.50920e-19      1.11073e-220       0.00000e+00
 323.8341969       6.78449e-19      6.39394e-222       0.00000e+00
 324.0440700       5.36157e-19      3.64818e-223       0.00000e+00
 324.2542153       4.19966e-19      2.06315e-224       0.00000e+00
 324.4646334       3.26049e-19      1.15646e-225       0.00000e+00
 324.6753247       2.50898e-19      6.42511e-227       0.00000e+00
 324.8862898       1.91364e-19      3.53815e-228       0.00000e+00
 325.0975293       1.44667e-19      1.93116e-229       0.00000e+00
 325.3090436       1.08399e-19      1.04474e-230       0.00000e+00
 325.5208333       8.05060e-20      5.60198e-232       0.00000e+00
 325.7328990       5.92622e-20      2.97731e-233       0.00000e+00
 325.9452412       4.32388e-20      1.56839e-234       0.00000e+00
 326.1578604       3.12692e-20      8.18897e-236       0.00000e+00
 326.3707572       2.24134e-20      4.23791e-237       0.00000e+00
 326.5839321       1.59237e-20      2.17381e-238       0.00000e+00
 326.7973856       1.12131e-20      1.10519e-239       0.00000e+00
 327.0111184       7.82633e-21      5.56931e-241       0.00000e+00
 327.2251309       5.41421e-21      2.78171e-242       0.00000e+00
 327.4394237       3.71244e-21      1.37711e-243       0.00000e+00
 327.6539974       2.52308e-21      6.75728e-245       0.00000e+00
 327.8688525       1.69961e-21      3.28642e-246       0.00000e+00
 328.0839895       1.13478e-21      1.58424e-247       0.00000e+00
 328.2994091       7.50972e-22      7.56944e-249       0.00000e+00
 328.5151117       4.92586e-22      3.58472e-250       0.00000e+00
 328.7310980       3.20248e-22      1.68265e-251       0.00000e+00
 328.9473684       2.06366e-22      7.82848e-253       0.00000e+00
 329.1639236       1.31807e-22      3.61001e-254       0.00000e+00
 329.3807642       8.34417e-23      1.65001e-255       0.00000e+00
 329.5978906       5.23570e-23      7.47501e-257       0.00000e+00
 329.8153034       3.25622e-23      3.35648e-258       0.00000e+00
 330.0330033       2.00724e-23      1.49383e-259       0.00000e+00
 330.2509908       1.22640e-23      6.58973e-261       0.00000e+00
 330.4692664       7.42698e-24      2.88125e-262       0.00000e+00
 330.6878307       4.45799e-24      1.24865e-263       0.00000e+00
 330.9066843       2.65223e-24      5.36346e-265       0.00000e+00
 331.1258278       1.56398e-24      2.28348e-266       0.00000e+00
 331.3452618       9.14110e-25      9.63602e-268       0.00000e+00
 331.5649867       5.29556e-25      4.03036e-269       0.00000e+00
 331.7850033       3.04069e-25      1.67085e-270       0.00000e+00
 332.0053121       1.73053e-25      6.86558e-272       0.00000e+00
 332.2259136       9.76189e-26      2.79617e-273       0.00000e+00
 332.4468085       5.45801e-26      1.12875e-274       0.00000e+00
 332.6679973       3.02470e-26      4.51625e-276       0.00000e+00
 332.8894807       1.66141e-26      1.79104e-277       0.00000e+00
 333.1112592       9.04520e-27      7.04011e-279       0.00000e+00
 333.3333333       4.88097e-27      2.74284e-280       0.00000e+00
 333.5557038       2.61061e-27      1.05918e-281       0.00000e+00
 333.7783712       1.38396e-27      4.05399e-283       0.00000e+00
 334.0013360       7.27196e-28      1.53796e-284       0.00000e+00
 334.2245989       3.78728e-28      5.78299e-286       0.00000e+00
 334.4481605       1.95501e-28      2.15530e-287       0.00000e+00
 334.6720214       1.00027e-28      7.96176e-289       0.00000e+00
 334.8961822       5.07264e-29      2.91513e-290       0.00000e+00
 335.1206434       2.54974e-29      1.05792e-291       0.00000e+00
 335.3454058       1.27030e-29      3.80536e-293       0.00000e+00
 335.5704698       6.27281e-30      1.35670e-294       0.00000e+00
