# [b"Cross sections for OH\nHelgi Rafn Hr\xc3\xb3\xc3\xb0marsson 2023-02-15\nPhotodissociation source: OH P.D. cf. van Dishoeck & Dalgarno '84\rHeays+ (2018)\rPhotoionization source: Harper+ (2019), (2020), Dodson+ (2018)\nLines represented with gaussian of width 1.0 nm FWHM\nwavelength: (nm)\nphotoabsorption:    cross section (cm2)\nphotodissociation:  cross section (cm2)"]
# 
# wavelength   photoabsorption photodissociation   photoionisation
  82.7100000       1.26446e-17       0.00000e+00       1.26446e-17
  82.7549525       1.26446e-17       0.00000e+00       1.26446e-17
  82.7926219       1.11317e-17       0.00000e+00       1.11317e-17
  82.8314803       1.21440e-17       0.00000e+00       1.21440e-17
  82.8710953       1.39996e-17       0.00000e+00       1.39996e-17
  82.9085486       1.19309e-17       0.00000e+00       1.19309e-17
  82.9485961       1.27162e-17       0.00000e+00       1.27162e-17
  82.9867521       1.29453e-17       0.00000e+00       1.29453e-17
  83.0257728       1.62834e-17       0.00000e+00       1.62834e-17
  83.0654421       1.86192e-17       0.00000e+00       1.86192e-17
  83.1046790       1.99888e-17       0.00000e+00       1.99888e-17
  83.1431053       1.72242e-17       0.00000e+00       1.72242e-17
  83.1819641       1.83036e-17       0.00000e+00       1.83036e-17
  83.2214714       1.96312e-17       0.00000e+00       1.96312e-17
  83.2614651       2.33424e-17       0.00000e+00       2.33424e-17
  83.3007563       2.51415e-17       0.00000e+00       2.51415e-17
  83.3399935       1.54897e-17       0.00000e+00       1.54897e-17
  83.3782039       1.11113e-17       0.00000e+00       1.11113e-17
  83.4181438       8.85331e-18       0.00000e+00       8.85331e-18
  83.4572189       6.60242e-18       0.00000e+00       6.60242e-18
  83.4974291       6.99586e-18       0.00000e+00       6.99586e-18
  83.5365584       7.39924e-18       0.00000e+00       7.39924e-18
  83.5762282       7.92904e-18       0.00000e+00       7.92904e-18
  83.6160061       8.98213e-18       0.00000e+00       8.98213e-18
  83.6544329       8.11304e-18       0.00000e+00       8.11304e-18
  83.6942650       8.47927e-18       0.00000e+00       8.47927e-18
  83.7342592       9.96309e-18       0.00000e+00       9.96309e-18
  83.7734968       1.27662e-17       0.00000e+00       1.27662e-17
  83.8144640       2.11160e-17       0.00000e+00       2.11160e-17
  83.8537017       1.68129e-17       0.00000e+00       1.68129e-17
  83.8925611       1.65878e-17       0.00000e+00       1.65878e-17
  83.9329879       1.75628e-17       0.00000e+00       1.75628e-17
  83.9739552       1.72108e-17       0.00000e+00       1.72108e-17
  84.0119500       1.41732e-17       0.00000e+00       1.41732e-17
  84.0529173       1.11911e-17       0.00000e+00       1.11911e-17
  84.0941010       9.13930e-18       0.00000e+00       9.13930e-18
  84.1330687       7.92462e-18       0.00000e+00       7.92462e-18
  84.1739821       7.69458e-18       0.00000e+00       7.69458e-18
  84.2128419       7.57142e-18       0.00000e+00       7.57142e-18
  84.2533771       7.91479e-18       0.00000e+00       7.91479e-18
  84.2938583       7.93449e-18       0.00000e+00       7.93449e-18
  84.3342314       1.00686e-17       0.00000e+00       1.00686e-17
  84.3752532       9.75658e-18       0.00000e+00       9.75658e-18
  84.4130321       1.10562e-17       0.00000e+00       1.10562e-17
  84.4552430       1.18309e-17       0.00000e+00       1.18309e-17
  84.4957785       1.08133e-17       0.00000e+00       1.08133e-17
  84.5356654       1.05287e-17       0.00000e+00       1.05287e-17
  84.5762550       1.10825e-17       0.00000e+00       1.10825e-17
  84.6168987       1.01966e-17       0.00000e+00       1.01966e-17
  84.6574883       1.03274e-17       0.00000e+00       1.03274e-17
  84.6986725       1.12461e-17       0.00000e+00       1.12461e-17
  84.7386678       1.39874e-17       0.00000e+00       1.39874e-17
  84.7790414       2.38648e-17       0.00000e+00       2.38648e-17
  84.8194690       2.30581e-17       0.00000e+00       2.30581e-17
  84.8609237       2.49587e-17       0.00000e+00       2.49587e-17
  84.9012434       2.36034e-17       0.00000e+00       2.36034e-17
  84.9422116       2.35362e-17       0.00000e+00       2.35362e-17
  84.9831800       1.64315e-17       0.00000e+00       1.64315e-17
  85.0233376       1.25558e-17       0.00000e+00       1.25558e-17
  85.0651167       9.92044e-18       0.00000e+00       9.92044e-18
  85.1047340       8.17774e-18       0.00000e+00       8.17774e-18
  85.1460268       6.84385e-18       0.00000e+00       6.84385e-18
  85.1869953       6.89171e-18       0.00000e+00       6.89171e-18
  85.2286125       6.44775e-18       0.00000e+00       6.44775e-18
  85.2694730       6.54665e-18       0.00000e+00       6.54665e-18
  85.3113064       6.33463e-18       0.00000e+00       6.33463e-18
  85.3525994       6.63725e-18       0.00000e+00       6.63725e-18
  85.3935681       7.11305e-18       0.00000e+00       7.11305e-18
  85.4356179       7.07404e-18       0.00000e+00       7.07404e-18
  85.4768029       7.12096e-18       0.00000e+00       7.12096e-18
  85.5184744       7.12433e-18       0.00000e+00       7.12433e-18
  85.5596055       7.51683e-18       0.00000e+00       7.51683e-18
  85.6000339       9.01658e-18       0.00000e+00       9.01658e-18
  85.6426244       9.26203e-18       0.00000e+00       9.26203e-18
  85.6838096       1.10993e-17       0.00000e+00       1.10993e-17
  85.7254813       1.26988e-17       0.00000e+00       1.26988e-17
  85.7672612       1.44349e-17       0.00000e+00       1.44349e-17
  85.8081223       1.47573e-17       0.00000e+00       1.47573e-17
  85.8514696       1.37065e-17       0.00000e+00       1.37065e-17
  85.8910876       1.42668e-17       0.00000e+00       1.42668e-17
  85.9337865       1.66637e-17       0.00000e+00       1.66637e-17
  85.9757287       1.41038e-17       0.00000e+00       1.41038e-17
  86.0173467       1.33420e-17       0.00000e+00       1.33420e-17
  86.0596673       1.76953e-17       0.00000e+00       1.76953e-17
  86.1016637       1.93522e-17       0.00000e+00       1.93522e-17
  86.1433899       1.75987e-17       0.00000e+00       1.75987e-17
  86.1859810       1.27443e-17       0.00000e+00       1.27443e-17
  86.2270586       1.10630e-17       0.00000e+00       1.10630e-17
  86.2688931       9.79894e-18       0.00000e+00       9.79894e-18
  86.3113221       8.67174e-18       0.00000e+00       8.67174e-18
  86.3536430       8.77692e-18       0.00000e+00       8.77692e-18
  86.3956938       1.08062e-17       0.00000e+00       1.08062e-17
  86.4381770       1.04918e-17       0.00000e+00       1.04918e-17
  86.4807143       1.02101e-17       0.00000e+00       1.02101e-17
  86.5226030       1.25043e-17       0.00000e+00       1.25043e-17
  86.5650323       1.21356e-17       0.00000e+00       1.21356e-17
  86.6078400       1.51956e-17       0.00000e+00       1.51956e-17
  86.6495667       2.19050e-17       0.00000e+00       2.19050e-17
  86.6924285       1.43254e-17       0.00000e+00       1.43254e-17
  86.7356687       2.33050e-17       0.00000e+00       2.33050e-17
  86.7779901       1.78086e-17       0.00000e+00       1.78086e-17
  86.8209061       1.10850e-17       0.00000e+00       1.10850e-17
  86.8636059       1.05044e-17       0.00000e+00       1.05044e-17
  86.9060356       8.16762e-18       0.00000e+00       8.16762e-18
  86.9494382       6.94732e-18       0.00000e+00       6.94732e-18
  86.9914355       7.07550e-18       0.00000e+00       7.07550e-18
  87.0345679       7.15617e-18       0.00000e+00       7.15617e-18
  87.0775923       8.54158e-18       0.00000e+00       8.54158e-18
  87.1203465       1.00113e-17       0.00000e+00       1.00113e-17
  87.1634250       1.23746e-17       0.00000e+00       1.23746e-17
  87.2060171       1.23901e-17       0.00000e+00       1.23901e-17
  87.2496362       1.36874e-17       0.00000e+00       1.36874e-17
  87.2920662       1.25885e-17       0.00000e+00       1.25885e-17
  87.3352530       1.12754e-17       0.00000e+00       1.12754e-17
  87.3784399       9.12579e-18       0.00000e+00       9.12579e-18
  87.4224916       8.17116e-18       0.00000e+00       8.17116e-18
  87.4660569       7.80426e-18       0.00000e+00       7.80426e-18
  87.5082709       7.73333e-18       0.00000e+00       7.73333e-18
  87.5522147       7.70988e-18       0.00000e+00       7.70988e-18
  87.5948612       5.95972e-18       0.00000e+00       5.95972e-18
  87.6385348       5.64994e-18       0.00000e+00       5.64994e-18
  87.6815598       5.59034e-18       0.00000e+00       5.59034e-18
  87.7264767       5.16901e-18       0.00000e+00       5.16901e-18
  87.7691775       4.79829e-18       0.00000e+00       4.79829e-18
  87.8138783       4.98860e-18       0.00000e+00       4.98860e-18
  87.8555522       4.92248e-18       0.00000e+00       4.92248e-18
  87.9009016       5.01882e-18       0.00000e+00       5.01882e-18
  87.9438729       5.19378e-18       0.00000e+00       5.19378e-18
  87.9879252       4.86123e-18       0.00000e+00       4.86123e-18
  88.0315452       5.72939e-18       0.00000e+00       5.72939e-18
  88.0757597       5.17770e-18       0.00000e+00       5.17770e-18
  88.1192717       5.68455e-18       0.00000e+00       5.68455e-18
  88.1640269       6.14253e-18       0.00000e+00       6.14253e-18
  88.2080795       6.34880e-18       0.00000e+00       6.34880e-18
  88.2512672       6.97793e-18       0.00000e+00       6.97793e-18
  88.2963469       7.71401e-18       0.00000e+00       7.71401e-18
  88.3395888       9.73631e-18       0.00000e+00       9.73631e-18
  88.3840199       9.64562e-18       0.00000e+00       9.64562e-18
  88.4284511       9.52215e-18       0.00000e+00       9.52215e-18
  88.4730445       8.98034e-18       0.00000e+00       8.98034e-18
  88.5167731       8.09734e-18       0.00000e+00       8.09734e-18
  88.5613665       8.02672e-18       0.00000e+00       8.02672e-18
  88.6059060       8.15176e-18       0.00000e+00       8.15176e-18
  88.6496888       8.39100e-18       0.00000e+00       8.39100e-18
  88.6940121       8.00308e-18       0.00000e+00       8.00308e-18
  88.7379031       8.35305e-18       0.00000e+00       8.35305e-18
  88.7833076       1.17079e-17       0.00000e+00       1.17079e-17
  88.8271987       1.07719e-17       0.00000e+00       1.07719e-17
  88.8731979       7.45727e-18       0.00000e+00       7.45727e-18
  88.9176837       7.07560e-18       0.00000e+00       7.07560e-18
  88.9629262       6.68828e-18       0.00000e+00       6.68828e-18
  89.0077905       6.66070e-18       0.00000e+00       6.66070e-18
  89.0521683       8.75862e-18       0.00000e+00       8.75862e-18
  89.0982218       1.06683e-17       0.00000e+00       1.06683e-17
  89.1429780       1.30583e-17       0.00000e+00       1.30583e-17
  89.1867614       1.08950e-17       0.00000e+00       1.08950e-17
  89.2323826       1.13065e-17       0.00000e+00       1.13065e-17
  89.2770850       9.10458e-18       0.00000e+00       9.10458e-18
  89.3228685       7.81672e-18       0.00000e+00       7.81672e-18
  89.3681655       7.55456e-18       0.00000e+00       7.55456e-18
  89.4131383       7.29917e-18       0.00000e+00       7.29917e-18
  89.4582733       7.65486e-18       0.00000e+00       7.65486e-18
  89.5045435       8.01885e-18       0.00000e+00       8.01885e-18
  89.5490300       7.50107e-18       0.00000e+00       7.50107e-18
  89.5945975       8.41606e-18       0.00000e+00       8.41606e-18
  89.6389219       1.71213e-17       0.00000e+00       1.71213e-17
  89.6858410       9.44548e-18       0.00000e+00       9.44548e-18
  89.7305438       1.00157e-17       0.00000e+00       1.00157e-17
  89.7764900       8.82723e-18       0.00000e+00       8.82723e-18
  89.8217876       9.79372e-18       0.00000e+00       9.79372e-18
  89.8670852       8.79790e-18       0.00000e+00       8.79790e-18
  89.9139504       7.62883e-18       0.00000e+00       7.62883e-18
  89.9589779       7.50472e-18       0.00000e+00       7.50472e-18
  90.0053027       6.99460e-18       0.00000e+00       6.99460e-18
  90.0518978       6.39518e-18       0.00000e+00       6.39518e-18
  90.0962227       7.30184e-18       0.00000e+00       7.30184e-18
  90.1430341       7.06015e-18       0.00000e+00       7.06015e-18
  90.1892511       8.35103e-18       0.00000e+00       8.35103e-18
  90.2345491       1.29370e-17       0.00000e+00       1.29370e-17
  90.2801715       8.59492e-18       0.00000e+00       8.59492e-18
  90.3261183       7.73561e-18       0.00000e+00       7.73561e-18
  90.3735246       6.33070e-18       0.00000e+00       6.33070e-18
  90.4194174       5.72475e-18       0.00000e+00       5.72475e-18
  90.4665536       6.44130e-18       0.00000e+00       6.44130e-18
  90.5126087       6.53684e-18       0.00000e+00       6.53684e-18
  90.5579611       7.19795e-18       0.00000e+00       7.19795e-18
  90.6042866       9.24909e-18       0.00000e+00       9.24909e-18
  90.6523419       1.03505e-17       0.00000e+00       1.03505e-17
  90.6981810       9.37238e-18       0.00000e+00       9.37238e-18
  90.7456419       1.95473e-17       0.00000e+00       1.95473e-17
  90.7908864       1.23307e-17       0.00000e+00       1.23307e-17
  90.8380771       1.28925e-17       0.00000e+00       1.28925e-17
  90.8846732       1.22296e-17       0.00000e+00       1.22296e-17
  90.9310531       1.11628e-17       0.00000e+00       1.11628e-17
  90.9790007       1.38746e-17       0.00000e+00       1.38746e-17
  91.0250023       1.21036e-17       0.00000e+00       1.21036e-17
  91.0723554       1.15315e-17       0.00000e+00       1.15315e-17
  91.1201950       9.26949e-18       0.00000e+00       9.26949e-18
  91.1665212       8.22517e-18       0.00000e+00       8.22517e-18
  91.2133339       1.03934e-17       0.00000e+00       1.03934e-17
  91.2610656       1.75485e-17       0.00000e+00       1.75485e-17
  91.3076621       3.52803e-17       0.00000e+00       3.52803e-17
  91.3551237       2.39559e-17       0.00000e+00       2.39559e-17
  91.4019366       2.91444e-17       0.00000e+00       2.91444e-17
  91.4489657       2.72398e-17       0.00000e+00       2.72398e-17
  91.4971302       3.69937e-17       0.00000e+00       3.69937e-17
  91.5432405       2.03217e-17       0.00000e+00       2.03217e-17
  91.5909726       1.76820e-17       0.00000e+00       1.76820e-17
  91.6391372       1.43964e-17       0.00000e+00       1.43964e-17
  91.6864910       8.93643e-18       0.00000e+00       8.93643e-18
  91.7342232       6.34130e-18       0.00000e+00       6.34130e-18
  91.7819555       6.51334e-18       0.00000e+00       6.51334e-18
  91.8300123       5.67852e-18       0.00000e+00       5.67852e-18
  91.8775284       5.46670e-18       0.00000e+00       5.46670e-18
  91.9250988       5.59756e-18       0.00000e+00       5.59756e-18
  91.9726151       5.75091e-18       0.00000e+00       5.75091e-18
  92.0218072       6.25038e-18       0.00000e+00       6.25038e-18
  92.0682965       8.93660e-18       0.00000e+00       8.93660e-18
  92.1172725       8.48338e-18       0.00000e+00       8.48338e-18
  92.1646809       7.90237e-18       0.00000e+00       7.90237e-18
  92.2132787       6.96555e-18       0.00000e+00       6.96555e-18
  92.2609034       6.50467e-18       0.00000e+00       6.50467e-18
  92.3096635       5.75946e-18       0.00000e+00       5.75946e-18
  92.3579370       5.77105e-18       0.00000e+00       5.77105e-18
  92.4062106       5.30934e-18       0.00000e+00       5.30934e-18
  92.4548087       5.49481e-18       0.00000e+00       5.49481e-18
  92.5023796       5.86117e-18       0.00000e+00       5.86117e-18
  92.5509237       5.99474e-18       0.00000e+00       5.99474e-18
  92.5999003       5.66526e-18       0.00000e+00       5.66526e-18
  92.6482283       5.72322e-18       0.00000e+00       5.72322e-18
  92.6966644       5.35561e-18       0.00000e+00       5.35561e-18
  92.7447222       5.49879e-18       0.00000e+00       5.49879e-18
  92.7946180       5.23163e-18       0.00000e+00       5.23163e-18
  92.8422435       5.09232e-18       0.00000e+00       5.09232e-18
  92.8915448       5.14406e-18       0.00000e+00       5.14406e-18
  92.9402515       6.10705e-18       0.00000e+00       6.10705e-18
  92.9892826       5.40974e-18       0.00000e+00       5.40974e-18
  93.0385841       5.32021e-18       0.00000e+00       5.32021e-18
  93.0875613       5.28763e-18       0.00000e+00       5.28763e-18
  93.1364304       5.43241e-18       0.00000e+00       5.43241e-18
  93.1864889       5.74209e-18       0.00000e+00       5.74209e-18
  93.2344391       6.62491e-18       0.00000e+00       6.62491e-18
  93.2843355       6.01830e-18       0.00000e+00       6.01830e-18
  93.3339077       6.19222e-18       0.00000e+00       6.19222e-18
  93.3826690       6.18288e-18       0.00000e+00       6.18288e-18
  93.4322412       6.17913e-18       0.00000e+00       6.17913e-18
  93.4818676       6.65174e-18       0.00000e+00       6.65174e-18
  93.5311156       6.45088e-18       0.00000e+00       6.45088e-18
  93.5804718       6.26098e-18       0.00000e+00       6.26098e-18
  93.6302065       6.16087e-18       0.00000e+00       6.16087e-18
  93.6802115       6.16870e-18       0.00000e+00       6.16870e-18
  93.7294057       5.59660e-18       0.00000e+00       5.59660e-18
  93.7798974       6.05740e-18       0.00000e+00       6.05740e-18
  93.8288755       5.06608e-18       0.00000e+00       5.06608e-18
  93.8780158       5.17495e-18       0.00000e+00       5.17495e-18
  93.9285617       6.01165e-18       0.00000e+00       6.01165e-18
  93.9783509       6.15913e-18       0.00000e+00       6.15913e-18
  94.0290591       6.08936e-18       0.00000e+00       6.08936e-18
  94.0790646       5.95632e-18       0.00000e+00       5.95632e-18
  94.1292324       5.96266e-18       0.00000e+00       5.96266e-18
  94.1785893       5.22704e-18       0.00000e+00       5.22704e-18
  94.2291356       5.28582e-18       0.00000e+00       5.28582e-18
  94.2798982       4.88409e-18       0.00000e+00       4.88409e-18
  94.3301202       4.84905e-18       0.00000e+00       4.84905e-18
  94.3795855       5.93494e-18       0.00000e+00       5.93494e-18
  94.4309430       5.52689e-18       0.00000e+00       5.52689e-18
  94.4814355       6.05339e-18       0.00000e+00       6.05339e-18
  94.5321984       6.26348e-18       0.00000e+00       6.26348e-18
  94.5816640       7.45886e-18       0.00000e+00       7.45886e-18
  94.6334001       6.24557e-18       0.00000e+00       6.24557e-18
  94.6837307       5.84812e-18       0.00000e+00       5.84812e-18
  94.7342236       6.07828e-18       0.00000e+00       6.07828e-18
  94.7856356       5.93466e-18       0.00000e+00       5.93466e-18
  94.8362367       5.56250e-18       0.00000e+00       5.56250e-18
  94.8878109       6.26226e-18       0.00000e+00       6.26226e-18
  94.9376013       6.67703e-18       0.00000e+00       6.67703e-18
  94.9894460       7.04133e-18       0.00000e+00       7.04133e-18
  95.0407501       7.72156e-18       0.00000e+00       7.72156e-18
  95.0910272       9.00242e-18       0.00000e+00       9.00242e-18
  95.1429802       9.60908e-18       0.00000e+00       9.60908e-18
  95.1942305       8.31543e-18       0.00000e+00       8.31543e-18
  95.2455890       7.86547e-18       0.00000e+00       7.86547e-18
  95.2971097       5.33995e-18       0.00000e+00       5.33995e-18
  95.3488468       3.99656e-18       0.00000e+00       3.99656e-18
  95.4000973       3.51325e-18       0.00000e+00       3.51325e-18
  95.4508614       2.20410e-18       0.00000e+00       2.20410e-18
  95.5028689       1.67717e-18       0.00000e+00       1.67717e-18
  95.5539034       1.19764e-18       0.00000e+00       1.19764e-18
  95.6048298       1.01527e-18       0.00000e+00       1.01527e-18
  95.6582973       8.19412e-19       0.00000e+00       8.19412e-19
  95.7090076       5.71486e-19       0.00000e+00       5.71486e-19
  95.7619886       4.94275e-19       0.00000e+00       4.94275e-19
  95.8135640       6.20498e-19       0.00000e+00       6.20498e-19
  95.8647070       4.17667e-19       0.00000e+00       4.17667e-19
  95.9177423       4.53033e-19       0.00000e+00       4.53033e-19
  95.9701829       5.20830e-19       0.00000e+00       5.20830e-19
  96.0221911       3.48638e-19       0.00000e+00       3.48638e-19
  96.0741994       3.26684e-19       0.00000e+00       3.26684e-19
  96.1257752       3.65646e-19       0.00000e+00       3.65646e-19
  96.1789189       3.04715e-19       0.00000e+00       3.04715e-19
  96.2314140       3.42611e-19       0.00000e+00       3.42611e-19
  96.2832063       3.84037e-19       0.00000e+00       3.84037e-19
  96.3361880       3.99231e-19       0.00000e+00       3.99231e-19
  96.3877101       4.26101e-19       0.00000e+00       4.26101e-19
  96.4407460       2.94798e-19       0.00000e+00       2.94798e-19
  96.4933495       3.12759e-19       0.00000e+00       3.12759e-19
  96.5468722       2.75479e-19       0.00000e+00       2.75479e-19
  96.5991514       4.10610e-19       0.00000e+00       4.10610e-19
  96.6512145       4.28027e-19       0.00000e+00       4.28027e-19
  96.7045211       2.70667e-19       0.00000e+00       2.70667e-19
  96.7578818       3.19546e-19       0.00000e+00       3.19546e-19
  96.8107560       4.16406e-19       1.23247e-20       4.04081e-19
  96.8636844       3.85160e-19       7.29721e-20       3.12188e-19
  96.9170453       3.91976e-19       1.14927e-19       2.77049e-19
  96.9706766       5.44066e-19       1.16005e-19       4.28061e-19
  97.0242540       4.64407e-19       1.17082e-19       3.47325e-19
  97.0759391       1.18121e-19       1.18121e-19       0.00000e+00
  97.1297869       3.84166e-19       1.19203e-19       2.64962e-19
  97.1841213       5.12948e-19       1.20296e-19       3.92652e-19
  97.2382396       4.69743e-19       1.21383e-19       3.48360e-19
  97.2910604       4.57856e-19       1.22445e-19       3.35411e-19
  97.3451788       6.17868e-19       1.31479e-19       4.86389e-19
  97.3979997       6.36798e-19       1.41832e-19       4.94966e-19
  97.4516316       5.69209e-19       1.52343e-19       4.16866e-19
  97.5059665       5.46160e-19       1.62992e-19       3.83168e-19
  97.5595445       4.74540e-19       1.73493e-19       3.01047e-19
  97.6131767       6.15342e-19       1.84006e-19       4.31337e-19
  97.6673496       6.33531e-19       1.94625e-19       4.38906e-19
  97.7202790       5.52646e-19       2.05002e-19       3.47644e-19
  97.7754252       5.05457e-19       2.15818e-19       2.89639e-19
  97.8298686       6.41221e-19       2.26504e-19       4.14717e-19
  97.8840959       8.27567e-19       2.37156e-19       5.90411e-19
  97.9385394       5.86940e-19       2.47884e-19       3.39056e-19
  97.9914152       5.82056e-19       2.58317e-19       3.23738e-19
  98.0463455       7.33967e-19       2.69271e-19       4.64695e-19
  98.1014380       6.09566e-19       2.80288e-19       3.29278e-19
  98.1557737       5.50843e-19       2.91498e-19       2.59345e-19
  98.2097311       6.62559e-19       3.02786e-19       3.59773e-19
  98.2654186       5.94163e-19       3.15168e-19       2.78995e-19
  98.3196464       5.54805e-19       3.27957e-19       2.26848e-19
  98.3749556       4.70678e-19       3.42311e-19       1.28367e-19
  98.4289673       4.53222e-19       3.58671e-19       9.45516e-20
  98.4842766       5.42853e-19       3.77496e-19       1.65357e-19
  98.5372071       4.56913e-19       4.01641e-19       5.52717e-20
  98.6000000       4.33359e-19       4.33359e-19       0.00000e+00
  98.7000000       5.15289e-19       5.15289e-19       0.00000e+00
  98.8000000       6.53169e-19       6.53169e-19       0.00000e+00
  98.9000000       8.83811e-19       8.83811e-19       0.00000e+00
  99.0000000       1.25704e-18       1.25704e-18       0.00000e+00
  99.1000000       1.83230e-18       1.83230e-18       0.00000e+00
  99.2000000       2.66895e-18       2.66895e-18       0.00000e+00
  99.2000000       2.66895e-18       2.66895e-18       0.00000e+00
  99.3000000       3.83982e-18       3.83982e-18       0.00000e+00
  99.4000000       5.31952e-18       5.31952e-18       0.00000e+00
  99.5000000       7.05441e-18       7.05441e-18       0.00000e+00
  99.6000000       8.92139e-18       8.92139e-18       0.00000e+00
  99.7000000       1.07343e-17       1.07343e-17       0.00000e+00
  99.8000000       1.22715e-17       1.22715e-17       0.00000e+00
  99.9000000       1.33202e-17       1.33202e-17       0.00000e+00
 100.0000000       1.37269e-17       1.37269e-17       0.00000e+00
 100.1000000       1.34361e-17       1.34361e-17       0.00000e+00
 100.2000000       1.25056e-17       1.25056e-17       0.00000e+00
 100.3000000       1.10907e-17       1.10907e-17       0.00000e+00
 100.4000000       9.40506e-18       9.40506e-18       0.00000e+00
 100.5000000       7.67060e-18       7.67060e-18       0.00000e+00
 100.6000000       6.07263e-18       6.07263e-18       0.00000e+00
 100.7000000       4.73311e-18       4.73311e-18       0.00000e+00
 100.8000000       3.70518e-18       3.70518e-18       0.00000e+00
 100.9000000       2.98546e-18       2.98546e-18       0.00000e+00
 101.0000000       2.53542e-18       2.53542e-18       0.00000e+00
 101.1000000       2.30299e-18       2.30299e-18       0.00000e+00
 101.2000000       2.23809e-18       2.23809e-18       0.00000e+00
 101.3000000       2.29968e-18       2.29968e-18       0.00000e+00
 101.4000000       2.45548e-18       2.45548e-18       0.00000e+00
 101.5000000       2.67744e-18       2.67744e-18       0.00000e+00
 101.6000000       2.93675e-18       2.93675e-18       0.00000e+00
 101.6000000       2.93675e-18       2.93675e-18       0.00000e+00
 101.7000000       3.25068e-18       3.25068e-18       0.00000e+00
 101.8000000       3.53514e-18       3.53514e-18       0.00000e+00
 101.9000000       3.75804e-18       3.75804e-18       0.00000e+00
 102.0000000       3.89599e-18       3.89599e-18       0.00000e+00
 102.1000000       3.93965e-18       3.93965e-18       0.00000e+00
 102.2000000       3.89575e-18       3.89575e-18       0.00000e+00
 102.3000000       3.78515e-18       3.78515e-18       0.00000e+00
 102.4000000       3.63744e-18       3.63744e-18       0.00000e+00
 102.5000000       3.48405e-18       3.48405e-18       0.00000e+00
 102.6000000       3.35232e-18       3.35232e-18       0.00000e+00
 102.7000000       3.26198e-18       3.26198e-18       0.00000e+00
 102.8000000       3.22476e-18       3.22476e-18       0.00000e+00
 102.9000000       3.24642e-18       3.24642e-18       0.00000e+00
 103.0000000       3.32967e-18       3.32967e-18       0.00000e+00
 103.1000000       3.47657e-18       3.47657e-18       0.00000e+00
 103.2000000       3.68919e-18       3.68919e-18       0.00000e+00
 103.3000000       3.96801e-18       3.96801e-18       0.00000e+00
 103.3000000       3.96801e-18       3.96801e-18       0.00000e+00
 103.4000000       4.35501e-18       4.35501e-18       0.00000e+00
 103.5000000       4.79102e-18       4.79102e-18       0.00000e+00
 103.6000000       5.25240e-18       5.25240e-18       0.00000e+00
 103.7000000       5.70536e-18       5.70536e-18       0.00000e+00
 103.8000000       6.11041e-18       6.11041e-18       0.00000e+00
 103.9000000       6.42996e-18       6.42996e-18       0.00000e+00
 104.0000000       6.63682e-18       6.63682e-18       0.00000e+00
 104.1000000       6.72106e-18       6.72106e-18       0.00000e+00
 104.2000000       6.69254e-18       6.69254e-18       0.00000e+00
 104.3000000       6.57829e-18       6.57829e-18       0.00000e+00
 104.4000000       6.41562e-18       6.41562e-18       0.00000e+00
 104.5000000       6.24339e-18       6.24339e-18       0.00000e+00
 104.6000000       6.09422e-18       6.09422e-18       0.00000e+00
 104.7000000       5.98967e-18       5.98967e-18       0.00000e+00
 104.8000000       5.93913e-18       5.93913e-18       0.00000e+00
 104.9000000       5.94178e-18       5.94178e-18       0.00000e+00
 105.0000000       5.99017e-18       5.99017e-18       0.00000e+00
 105.0000000       5.99017e-18       5.99017e-18       0.00000e+00
 105.1000000       6.06449e-18       6.06449e-18       0.00000e+00
 105.2000000       6.16375e-18       6.16375e-18       0.00000e+00
 105.3000000       6.27924e-18       6.27924e-18       0.00000e+00
 105.4000000       6.40452e-18       6.40452e-18       0.00000e+00
 105.5000000       6.53530e-18       6.53530e-18       0.00000e+00
 105.6000000       6.66896e-18       6.66896e-18       0.00000e+00
 105.7000000       6.80403e-18       6.80403e-18       0.00000e+00
 105.8000000       6.93976e-18       6.93976e-18       0.00000e+00
 105.9000000       7.07576e-18       7.07576e-18       0.00000e+00
 106.0000000       7.21188e-18       7.21188e-18       0.00000e+00
 106.1000000       7.34804e-18       7.34804e-18       0.00000e+00
 106.2000000       7.48421e-18       7.48421e-18       0.00000e+00
 106.3000000       7.62040e-18       7.62040e-18       0.00000e+00
 106.4000000       7.75658e-18       7.75658e-18       0.00000e+00
 106.5000000       7.89276e-18       7.89276e-18       0.00000e+00
 106.6000000       8.02895e-18       8.02895e-18       0.00000e+00
 106.7000000       8.16513e-18       8.16513e-18       0.00000e+00
 106.8000000       8.30132e-18       8.30132e-18       0.00000e+00
 106.9000000       8.43750e-18       8.43750e-18       0.00000e+00
 106.9000000       8.43750e-18       8.43750e-18       0.00000e+00
 107.0000000       8.49079e-18       8.49079e-18       0.00000e+00
 107.1000000       8.54408e-18       8.54408e-18       0.00000e+00
 107.2000000       8.59737e-18       8.59737e-18       0.00000e+00
 107.3000000       8.65066e-18       8.65066e-18       0.00000e+00
 107.4000000       8.70395e-18       8.70395e-18       0.00000e+00
 107.5000000       8.75725e-18       8.75725e-18       0.00000e+00
 107.6000000       8.81056e-18       8.81056e-18       0.00000e+00
 107.7000000       8.86392e-18       8.86392e-18       0.00000e+00
 107.8000000       8.91739e-18       8.91739e-18       0.00000e+00
 107.9000000       8.97110e-18       8.97110e-18       0.00000e+00
 108.0000000       9.02536e-18       9.02536e-18       0.00000e+00
 108.1000000       9.08071e-18       9.08071e-18       0.00000e+00
 108.2000000       9.13816e-18       9.13816e-18       0.00000e+00
 108.3000000       9.19935e-18       9.19935e-18       0.00000e+00
 108.4000000       9.26673e-18       9.26673e-18       0.00000e+00
 108.5000000       9.34364e-18       9.34364e-18       0.00000e+00
 108.6000000       9.43403e-18       9.43403e-18       0.00000e+00
 108.7000000       9.54188e-18       9.54188e-18       0.00000e+00
 108.8000000       9.67003e-18       9.67003e-18       0.00000e+00
 108.8000000       9.67003e-18       9.67003e-18       0.00000e+00
 108.9000000       9.64677e-18       9.64677e-18       0.00000e+00
 109.0000000       9.64053e-18       9.64053e-18       0.00000e+00
 109.1000000       9.64310e-18       9.64310e-18       0.00000e+00
 109.2000000       9.64201e-18       9.64201e-18       0.00000e+00
 109.3000000       9.62245e-18       9.62245e-18       0.00000e+00
 109.4000000       9.57015e-18       9.57015e-18       0.00000e+00
 109.5000000       9.47481e-18       9.47481e-18       0.00000e+00
 109.6000000       9.33265e-18       9.33265e-18       0.00000e+00
 109.7000000       9.14745e-18       9.14745e-18       0.00000e+00
 109.7000000       9.14745e-18       9.14745e-18       0.00000e+00
 109.8000000       9.05670e-18       9.05670e-18       0.00000e+00
 109.9000000       8.94747e-18       8.94747e-18       0.00000e+00
 110.0000000       8.83459e-18       8.83459e-18       0.00000e+00
 110.1000000       8.73052e-18       8.73052e-18       0.00000e+00
 110.2000000       8.64347e-18       8.64347e-18       0.00000e+00
 110.3000000       8.57704e-18       8.57704e-18       0.00000e+00
 110.4000000       8.53092e-18       8.53092e-18       0.00000e+00
 110.5000000       8.50225e-18       8.50225e-18       0.00000e+00
 110.6000000       8.48708e-18       8.48708e-18       0.00000e+00
 110.7000000       8.48142e-18       8.48142e-18       0.00000e+00
 110.8000000       8.48196e-18       8.48196e-18       0.00000e+00
 110.9000000       8.48624e-18       8.48624e-18       0.00000e+00
 111.0000000       8.49261e-18       8.49261e-18       0.00000e+00
 111.1000000       8.50008e-18       8.50008e-18       0.00000e+00
 111.2000000       8.50810e-18       8.50810e-18       0.00000e+00
 111.3000000       8.51636e-18       8.51636e-18       0.00000e+00
 111.4000000       8.52473e-18       8.52473e-18       0.00000e+00
 111.5000000       8.53314e-18       8.53314e-18       0.00000e+00
 111.6000000       8.54157e-18       8.54157e-18       0.00000e+00
 111.7000000       8.55000e-18       8.55000e-18       0.00000e+00
 111.7000000       8.55000e-18       8.55000e-18       0.00000e+00
 111.8000000       8.45518e-18       8.45518e-18       0.00000e+00
 111.9000000       8.36036e-18       8.36036e-18       0.00000e+00
 112.0000000       8.26554e-18       8.26554e-18       0.00000e+00
 112.1000000       8.17071e-18       8.17071e-18       0.00000e+00
 112.2000000       8.07589e-18       8.07589e-18       0.00000e+00
 112.3000000       7.98107e-18       7.98107e-18       0.00000e+00
 112.4000000       7.88625e-18       7.88625e-18       0.00000e+00
 112.6000000       7.69661e-18       7.69661e-18       0.00000e+00
 113.8000000       6.55875e-18       6.55875e-18       0.00000e+00
 115.3000000       5.19268e-18       5.19268e-18       0.00000e+00
 115.4000000       5.10161e-18       5.10161e-18       0.00000e+00
 115.5000000       5.01054e-18       5.01054e-18       0.00000e+00
 115.6000000       4.91946e-18       4.91946e-18       0.00000e+00
 115.7000000       4.82839e-18       4.82839e-18       0.00000e+00
 115.8000000       4.73732e-18       4.73732e-18       0.00000e+00
 115.9000000       4.64625e-18       4.64625e-18       0.00000e+00
 115.9000000       4.64625e-18       4.64625e-18       0.00000e+00
 116.0000000       4.58847e-18       4.58847e-18       0.00000e+00
 116.1000000       4.53068e-18       4.53068e-18       0.00000e+00
 116.2000000       4.47290e-18       4.47290e-18       0.00000e+00
 116.3000000       4.41511e-18       4.41511e-18       0.00000e+00
 116.4000000       4.35733e-18       4.35733e-18       0.00000e+00
 116.5000000       4.29955e-18       4.29955e-18       0.00000e+00
 116.6000000       4.24179e-18       4.24179e-18       0.00000e+00
 116.7000000       4.18404e-18       4.18404e-18       0.00000e+00
 116.8000000       4.12636e-18       4.12636e-18       0.00000e+00
 116.9000000       4.06880e-18       4.06880e-18       0.00000e+00
 117.0000000       4.01150e-18       4.01150e-18       0.00000e+00
 117.1000000       3.95469e-18       3.95469e-18       0.00000e+00
 117.2000000       3.89876e-18       3.89876e-18       0.00000e+00
 117.3000000       3.84428e-18       3.84428e-18       0.00000e+00
 117.4000000       3.79204e-18       3.79204e-18       0.00000e+00
 117.5000000       3.74296e-18       3.74296e-18       0.00000e+00
 117.6000000       3.69797e-18       3.69797e-18       0.00000e+00
 117.7000000       3.65775e-18       3.65775e-18       0.00000e+00
 117.8000000       3.62236e-18       3.62236e-18       0.00000e+00
 117.9000000       3.59097e-18       3.59097e-18       0.00000e+00
 118.0000000       3.56164e-18       3.56164e-18       0.00000e+00
 118.1000000       3.53146e-18       3.53146e-18       0.00000e+00
 118.1000000       3.53146e-18       3.53146e-18       0.00000e+00
 118.2000000       3.53123e-18       3.53123e-18       0.00000e+00
 118.3000000       3.52333e-18       3.52333e-18       0.00000e+00
 118.4000000       3.50533e-18       3.50533e-18       0.00000e+00
 118.5000000       3.47634e-18       3.47634e-18       0.00000e+00
 118.6000000       3.43726e-18       3.43726e-18       0.00000e+00
 118.7000000       3.39050e-18       3.39050e-18       0.00000e+00
 118.8000000       3.33941e-18       3.33941e-18       0.00000e+00
 118.9000000       3.28746e-18       3.28746e-18       0.00000e+00
 119.0000000       3.23758e-18       3.23758e-18       0.00000e+00
 119.1000000       3.19169e-18       3.19169e-18       0.00000e+00
 119.2000000       3.15063e-18       3.15063e-18       0.00000e+00
 119.3000000       3.11434e-18       3.11434e-18       0.00000e+00
 119.4000000       3.08215e-18       3.08215e-18       0.00000e+00
 119.5000000       3.05311e-18       3.05311e-18       0.00000e+00
 119.6000000       3.02632e-18       3.02632e-18       0.00000e+00
 119.7000000       3.00097e-18       3.00097e-18       0.00000e+00
 119.8000000       2.97651e-18       2.97651e-18       0.00000e+00
 119.9000000       2.95254e-18       2.95254e-18       0.00000e+00
 120.0000000       2.92886e-18       2.92886e-18       0.00000e+00
 120.1000000       2.90537e-18       2.90537e-18       0.00000e+00
 120.2000000       2.88210e-18       2.88210e-18       0.00000e+00
 120.3000000       2.85929e-18       2.85929e-18       0.00000e+00
 120.4000000       2.83747e-18       2.83747e-18       0.00000e+00
 120.5000000       2.81778e-18       2.81778e-18       0.00000e+00
 120.6000000       2.80244e-18       2.80244e-18       0.00000e+00
 120.7000000       2.79540e-18       2.79540e-18       0.00000e+00
 120.8000000       2.80311e-18       2.80311e-18       0.00000e+00
 120.9000000       2.83529e-18       2.83529e-18       0.00000e+00
 121.0000000       2.90509e-18       2.90509e-18       0.00000e+00
 121.1000000       3.02818e-18       3.02818e-18       0.00000e+00
 121.2000000       3.22023e-18       3.22023e-18       0.00000e+00
 121.3000000       3.49250e-18       3.49250e-18       0.00000e+00
 121.4000000       3.84623e-18       3.84623e-18       0.00000e+00
 121.5000000       4.26724e-18       4.26724e-18       0.00000e+00
 121.5000000       4.26724e-18       4.26724e-18       0.00000e+00
 121.6000000       4.72920e-18       4.72920e-18       0.00000e+00
 121.7000000       5.17675e-18       5.17675e-18       0.00000e+00
 121.8000000       5.55128e-18       5.55128e-18       0.00000e+00
 121.9000000       5.79651e-18       5.79651e-18       0.00000e+00
 122.0000000       5.87169e-18       5.87169e-18       0.00000e+00
 122.1000000       5.76190e-18       5.76190e-18       0.00000e+00
 122.2000000       5.48205e-18       5.48205e-18       0.00000e+00
 122.3000000       5.07290e-18       5.07290e-18       0.00000e+00
 122.4000000       4.59074e-18       4.59074e-18       0.00000e+00
 122.5000000       4.09416e-18       4.09416e-18       0.00000e+00
 122.6000000       3.63235e-18       3.63235e-18       0.00000e+00
 122.7000000       3.23782e-18       3.23782e-18       0.00000e+00
 122.8000000       2.92475e-18       2.92475e-18       0.00000e+00
 122.8000000       2.92475e-18       2.92475e-18       0.00000e+00
 122.9000000       2.70448e-18       2.70448e-18       0.00000e+00
 123.0000000       2.55317e-18       2.55317e-18       0.00000e+00
 123.1000000       2.45515e-18       2.45515e-18       0.00000e+00
 123.2000000       2.39475e-18       2.39475e-18       0.00000e+00
 123.3000000       2.35882e-18       2.35882e-18       0.00000e+00
 123.4000000       2.33765e-18       2.33765e-18       0.00000e+00
 123.5000000       2.32477e-18       2.32477e-18       0.00000e+00
 123.6000000       2.31623e-18       2.31623e-18       0.00000e+00
 123.7000000       2.30983e-18       2.30983e-18       0.00000e+00
 123.8000000       2.30441e-18       2.30441e-18       0.00000e+00
 123.9000000       2.29941e-18       2.29941e-18       0.00000e+00
 123.9900000       2.29506e-18       2.29506e-18       0.00000e+00
 124.0000000       2.29478e-18       2.29478e-18       0.00000e+00
 124.1000000       2.29205e-18       2.29205e-18       0.00000e+00
 124.2000000       2.28934e-18       2.28934e-18       0.00000e+00
 124.3000000       2.28663e-18       2.28663e-18       0.00000e+00
 124.4000000       2.28393e-18       2.28393e-18       0.00000e+00
 124.5000000       2.28123e-18       2.28123e-18       0.00000e+00
 124.6000000       2.27853e-18       2.27853e-18       0.00000e+00
 124.7000000       2.27583e-18       2.27583e-18       0.00000e+00
 124.8000000       2.27313e-18       2.27313e-18       0.00000e+00
 124.9000000       2.27043e-18       2.27043e-18       0.00000e+00
 125.1000000       2.26503e-18       2.26503e-18       0.00000e+00
 125.2400000       2.26125e-18       2.26125e-18       0.00000e+00
 126.5400000       2.14875e-18       2.14875e-18       0.00000e+00
 127.8200000       2.00250e-18       2.00250e-18       0.00000e+00
 129.1500000       1.84500e-18       1.84500e-18       0.00000e+00
 130.5100000       1.64250e-18       1.64250e-18       0.00000e+00
 133.3200000       1.12500e-18       1.12500e-18       0.00000e+00
 136.2500000       8.43750e-19       8.43750e-19       0.00000e+00
 140.9000000       9.30375e-19       9.30375e-19       0.00000e+00
 144.2000000       1.39500e-18       1.39500e-18       0.00000e+00
 147.6000000       2.12625e-18       2.12625e-18       0.00000e+00
 151.2000000       2.86875e-18       2.86875e-18       0.00000e+00
 155.0000000       3.34125e-18       3.34125e-18       0.00000e+00
 156.9000000       3.38625e-18       3.38625e-18       0.00000e+00
 159.0000000       3.26250e-18       3.26250e-18       0.00000e+00
 163.1000000       2.56500e-18       2.56500e-18       0.00000e+00
 167.5000000       1.59750e-18       1.59750e-18       0.00000e+00
 172.2000000       7.87500e-19       7.87500e-19       0.00000e+00
 177.1000000       3.15000e-19       3.15000e-19       0.00000e+00
 190.7000000       1.12500e-20       1.12500e-20       0.00000e+00
 195.0000000       0.00000e+00       0.00000e+00       0.00000e+00
 258.7000000       0.00000e+00       0.00000e+00       0.00000e+00
 258.8000000       4.75225e-30       4.75225e-30       0.00000e+00
 258.9000000       2.43966e-29       2.43966e-29       0.00000e+00
 259.0000000       1.18489e-28       1.18489e-28       0.00000e+00
 259.1000000       5.44433e-28       5.44433e-28       0.00000e+00
 259.2000000       2.36662e-27       2.36662e-27       0.00000e+00
 259.3000000       9.73260e-27       9.73260e-27       0.00000e+00
 259.4000000       3.78658e-26       3.78658e-26       0.00000e+00
 259.5000000       1.39375e-25       1.39375e-25       0.00000e+00
 259.6000000       4.85331e-25       4.85331e-25       0.00000e+00
 259.7000000       1.59886e-24       1.59886e-24       0.00000e+00
 259.8000000       4.98309e-24       4.98309e-24       0.00000e+00
 259.9000000       1.46928e-23       1.46928e-23       0.00000e+00
 260.0000000       4.09855e-23       4.09855e-23       0.00000e+00
 260.1000000       1.08161e-22       1.08161e-22       0.00000e+00
 260.2000000       2.70042e-22       2.70042e-22       0.00000e+00
 260.3000000       6.37836e-22       6.37836e-22       0.00000e+00
 260.4000000       1.42529e-21       1.42529e-21       0.00000e+00
 260.5000000       3.01312e-21       3.01312e-21       0.00000e+00
 260.6000000       6.02623e-21       6.02623e-21       0.00000e+00
 260.7000000       1.14023e-20       1.14023e-20       0.00000e+00
 260.8000000       2.04107e-20       2.04107e-20       0.00000e+00
 260.9000000       3.45654e-20       3.45654e-20       0.00000e+00
 261.0000000       5.53786e-20       5.53786e-20       0.00000e+00
 261.1000000       8.39383e-20       8.39383e-20       0.00000e+00
 261.2000000       1.20364e-19       1.20364e-19       0.00000e+00
 261.3000000       1.63286e-19       1.63286e-19       0.00000e+00
 261.4000000       2.09565e-19       2.09565e-19       0.00000e+00
 261.5000000       2.54453e-19       2.54453e-19       0.00000e+00
 261.6000000       2.92290e-19       2.92290e-19       0.00000e+00
 261.7000000       3.17642e-19       3.17642e-19       0.00000e+00
 261.8000000       3.26572e-19       3.26572e-19       0.00000e+00
 261.9000000       3.17642e-19       3.17642e-19       0.00000e+00
 262.0000000       2.92290e-19       2.92290e-19       0.00000e+00
 262.1000000       2.54453e-19       2.54453e-19       0.00000e+00
 262.2000000       2.09565e-19       2.09565e-19       0.00000e+00
 262.3000000       1.63286e-19       1.63286e-19       0.00000e+00
 262.4000000       1.20364e-19       1.20364e-19       0.00000e+00
 262.5000000       8.39383e-20       8.39383e-20       0.00000e+00
 262.6000000       5.53786e-20       5.53786e-20       0.00000e+00
 262.7000000       3.45654e-20       3.45654e-20       0.00000e+00
 262.8000000       2.04107e-20       2.04107e-20       0.00000e+00
 262.9000000       1.14023e-20       1.14023e-20       0.00000e+00
 263.0000000       6.02623e-21       6.02623e-21       0.00000e+00
 263.1000000       3.01312e-21       3.01312e-21       0.00000e+00
 263.2000000       1.42529e-21       1.42529e-21       0.00000e+00
 263.3000000       6.37836e-22       6.37836e-22       0.00000e+00
 263.4000000       2.70042e-22       2.70042e-22       0.00000e+00
 263.5000000       1.08161e-22       1.08161e-22       0.00000e+00
 263.6000000       4.09855e-23       4.09855e-23       0.00000e+00
 263.7000000       1.46928e-23       1.46928e-23       0.00000e+00
 263.8000000       4.98309e-24       4.98309e-24       0.00000e+00
 263.9000000       1.59886e-24       1.59886e-24       0.00000e+00
 264.0000000       4.85331e-25       4.85331e-25       0.00000e+00
 264.1000000       1.39375e-25       1.39375e-25       0.00000e+00
 264.2000000       3.78658e-26       3.78658e-26       0.00000e+00
 264.3000000       9.73260e-27       9.73260e-27       0.00000e+00
 264.4000000       2.36662e-27       2.36662e-27       0.00000e+00
 264.5000000       5.44433e-28       5.44433e-28       0.00000e+00
 264.6000000       1.18489e-28       1.18489e-28       0.00000e+00
 264.7000000       2.43966e-29       2.43966e-29       0.00000e+00
 264.9000000       0.00000e+00       0.00000e+00       0.00000e+00
