  0.00000000E+000  0.10710698E+023  0.34683182E+012  0.11140939E+010
  0.13206784E-018  0.10710698E+023  0.33505582E+012  0.12890087E+011
  0.34719233E-018  0.10710698E+023  0.31672260E+012  0.31223314E+011
  0.69760730E-018  0.10710698E+023  0.28898020E+012  0.58965713E+011
  0.12683961E-017  0.10710698E+023  0.24889233E+012  0.99053576E+011
  0.21981505E-017  0.10710698E+023  0.19514098E+012  0.15280493E+012
  0.37126217E-017  0.10710698E+023  0.13128250E+012  0.21666341E+012
  0.61795347E-017  0.10710698E+023  0.68832640E+011  0.27911327E+012
  0.10197874E-016  0.10710698E+023  0.24039335E+011  0.32390658E+012
  0.16743323E-016  0.10710698E+023  0.43320995E+010  0.34361381E+012
  0.27405164E-016  0.10710698E+023  0.26583003E+009  0.34768008E+012
  0.44772171E-016  0.10710698E+023  0.28283846E+007  0.34794309E+012
  0.73061184E-016  0.10710698E+023  0.21731574E+004  0.34794592E+012
  0.11914098E-015  0.10710698E+023  0.44141683E+003  0.34794592E+012
  0.19420009E-015  0.10710698E+023  0.44139079E+003  0.34794593E+012
  0.31646340E-015  0.10710698E+023  0.44139010E+003  0.34794595E+012
  0.51561737E-015  0.10710698E+023  0.44139001E+003  0.34794597E+012
  0.84001805E-015  0.10710698E+023  0.44139000E+003  0.34794601E+012
  0.13684323E-014  0.10710698E+023  0.44139000E+003  0.34794607E+012
  0.22291631E-014  0.10710698E+023  0.44139000E+003  0.34794617E+012
  0.36312023E-014  0.10710698E+023  0.44139000E+003  0.34794633E+012
  0.59149753E-014  0.10710698E+023  0.44139000E+003  0.34794659E+012
  0.96349991E-014  0.10710698E+023  0.44139000E+003  0.34794702E+012
  0.15694523E-013  0.10710698E+023  0.44139000E+003  0.34794772E+012
  0.25564845E-013  0.10710698E+023  0.44139000E+003  0.34794886E+012
  0.41642552E-013  0.10710698E+023  0.44139001E+003  0.34795071E+012
  0.67831430E-013  0.10710698E+023  0.44139001E+003  0.34795373E+012
  0.11049033E-012  0.10710698E+023  0.44139002E+003  0.34795864E+012
  0.17997716E-012  0.10710698E+023  0.44139004E+003  0.34796665E+012
  0.29316383E-012  0.10710698E+023  0.44139007E+003  0.34797970E+012
  0.47753290E-012  0.10710698E+023  0.44139012E+003  0.34800094E+012
  0.77785056E-012  0.10710698E+023  0.44139019E+003  0.34803555E+012
  0.12670362E-011  0.10710698E+023  0.44139032E+003  0.34809193E+012
  0.20638676E-011  0.10710698E+023  0.44139052E+003  0.34818375E+012
  0.33618214E-011  0.10710698E+023  0.44139084E+003  0.34833333E+012
  0.54760505E-011  0.10710698E+023  0.44139138E+003  0.34857698E+012
  0.89199053E-011  0.10710698E+023  0.44139225E+003  0.34897385E+012
  0.14529579E-010  0.10710698E+023  0.44139366E+003  0.34962032E+012
  0.23667143E-010  0.10710698E+023  0.44139596E+003  0.35067335E+012
  0.38551265E-010  0.10710698E+023  0.44139972E+003  0.35238862E+012
  0.62795920E-010  0.10710698E+023  0.44140583E+003  0.35518261E+012
  0.10228789E-009  0.10710698E+023  0.44141579E+003  0.35973373E+012
  0.16661612E-009  0.10710698E+023  0.44143202E+003  0.36714701E+012
  0.27139998E-009  0.10710698E+023  0.44145845E+003  0.37922247E+012
  0.44208177E-009  0.10710698E+023  0.44150149E+003  0.39889210E+012
  0.72010429E-009  0.10710698E+023  0.44157161E+003  0.43093185E+012
  0.11729735E-008  0.10710698E+023  0.44168583E+003  0.48312120E+012
  0.19106493E-008  0.10710698E+023  0.44187188E+003  0.56813211E+012
  0.31122450E-008  0.10710698E+023  0.44217493E+003  0.70660587E+012
  0.50695168E-008  0.10710698E+023  0.44266857E+003  0.93216493E+012
  0.82577050E-008  0.10710698E+023  0.44347266E+003  0.12995767E+013
  0.13450925E-007  0.10710698E+023  0.44478244E+003  0.18980515E+013
  0.21910130E-007  0.10710698E+023  0.44691592E+003  0.28729034E+013
  0.35689276E-007  0.10710698E+023  0.45039115E+003  0.44608337E+013
  0.58134044E-007  0.10710698E+023  0.45605192E+003  0.70474037E+013
  0.94694189E-007  0.10710698E+023  0.46527271E+003  0.11260652E+014
  0.15424679E-006  0.10710698E+023  0.48029240E+003  0.18123585E+014
  0.25125165E-006  0.10710698E+023  0.50475789E+003  0.29302576E+014
  0.40926227E-006  0.10710698E+023  0.54460956E+003  0.47511965E+014
  0.66664481E-006  0.10710698E+023  0.60952371E+003  0.77173123E+014
  0.10858937E-005  0.10710698E+023  0.71526194E+003  0.12548799E+015
  0.17688055E-005  0.10710698E+023  0.88749823E+003  0.20418775E+015
  0.28811965E-005  0.10710698E+023  0.11680524E+004  0.33238113E+015
  0.46931634E-005  0.10710697E+023  0.16250463E+004  0.54119490E+015
  0.76446652E-005  0.10710697E+023  0.23694403E+004  0.88133015E+015
  0.12452348E-004  0.10710696E+023  0.35819693E+004  0.14353699E+016
  0.20283554E-004  0.10710695E+023  0.55570546E+004  0.23378438E+016
  0.33039758E-004  0.10710692E+023  0.87742221E+004  0.38078613E+016
  0.53818259E-004  0.10710689E+023  0.14014497E+005  0.62022956E+016
  0.87664233E-004  0.10710683E+023  0.22549719E+005  0.10102288E+017
  0.14279573E-003  0.10710674E+023  0.36448469E+005  0.16453034E+017
  0.23259910E-003  0.10710658E+023  0.59071807E+005  0.26790305E+017
  0.37887925E-003  0.10710633E+023  0.95869603E+005  0.43604313E+017
  0.61715409E-003  0.10710592E+023  0.15561527E+006  0.70903913E+017
  0.10052785E-002  0.10710526E+023  0.25210408E+006  0.11499264E+018
  0.16374920E-002  0.10710420E+023  0.40561292E+006  0.18513577E+018
  0.26673008E-002  0.10710259E+023  0.64077708E+006  0.29259026E+018
  0.43447499E-002  0.10710035E+023  0.96867754E+006  0.44242000E+018
  0.70771366E-002  0.10709782E+023  0.13372529E+007  0.61083679E+018
  0.11527905E-001  0.10709596E+023  0.16082023E+007  0.73464523E+018
  0.18777733E-001  0.10709528E+023  0.17078243E+007  0.78016697E+018
  0.30586935E-001  0.10709519E+023  0.17212178E+007  0.78628707E+018
  0.49822871E-001  0.10709518E+023  0.17216588E+007  0.78648857E+018
  0.81156171E-001  0.10709518E+023  0.17216634E+007  0.78649068E+018
  0.13219479E+000  0.10709518E+023  0.17216635E+007  0.78649071E+018
  0.21533129E+000  0.10709518E+023  0.17216635E+007  0.78649071E+018
  0.35075182E+000  0.10709518E+023  0.17216635E+007  0.78649071E+018
  0.57133749E+000  0.10709518E+023  0.17216635E+007  0.78649071E+018
  0.93064814E+000  0.10709518E+023  0.17216635E+007  0.78649071E+018
  0.15159271E+001  0.10709518E+023  0.17216635E+007  0.78649071E+018
  0.24692843E+001  0.10709518E+023  0.17216635E+007  0.78649071E+018
  0.40222022E+001  0.10709518E+023  0.17216635E+007  0.78649071E+018
  0.65517405E+001  0.10709518E+023  0.17216635E+007  0.78649071E+018
  0.10672090E+002  0.10709518E+023  0.17216635E+007  0.78649071E+018
  0.17383702E+002  0.10709518E+023  0.17216635E+007  0.78649071E+018
  0.28316206E+002  0.10709518E+023  0.17216635E+007  0.78649071E+018
  0.46124095E+002  0.10709518E+023  0.17216635E+007  0.78649071E+018
  0.75131257E+002  0.10709518E+023  0.17216635E+007  0.78649071E+018
  0.12238085E+003  0.10709518E+023  0.17216635E+007  0.78649071E+018
  0.19934541E+003  0.10709518E+023  0.17216635E+007  0.78649071E+018
  0.32471252E+003  0.10709518E+023  0.17216635E+007  0.78649071E+018
  0.52892224E+003  0.10709518E+023  0.17216635E+007  0.78649071E+018
  0.86155821E+003  0.10709518E+023  0.17216635E+007  0.78649071E+018
  0.14033869E+004  0.10709518E+023  0.17216635E+007  0.78649071E+018
  0.22859683E+004  0.10709518E+023  0.17216635E+007  0.78649071E+018
  0.37235998E+004  0.10709518E+023  0.17216635E+007  0.78649071E+018
  0.60653490E+004  0.10709518E+023  0.17216635E+007  0.78649071E+018
  0.98798100E+004  0.10709518E+023  0.17216635E+007  0.78649071E+018
  0.16093162E+005  0.10709518E+023  0.17216635E+007  0.78649071E+018
  0.26214053E+005  0.10709518E+023  0.17216635E+007  0.78649071E+018
  0.42699911E+005  0.10709518E+023  0.17216635E+007  0.78649071E+018
  0.69553624E+005  0.10709518E+023  0.17216635E+007  0.78649071E+018
  0.11329547E+006  0.10709518E+023  0.17216635E+007  0.78649071E+018
  0.18454630E+006  0.10709518E+023  0.17216635E+007  0.78649071E+018
  0.30060635E+006  0.10709518E+023  0.17216635E+007  0.78649071E+018
  0.48965584E+006  0.10709518E+023  0.17216635E+007  0.78649071E+018
  0.79759740E+006  0.10709518E+023  0.17216635E+007  0.78649071E+018
  0.12992015E+007  0.10709518E+023  0.17216635E+007  0.78649071E+018
  0.21162614E+007  0.10709518E+023  0.17216635E+007  0.78649071E+018
  0.34471653E+007  0.10709518E+023  0.17216635E+007  0.78649071E+018
  0.56150665E+007  0.10709518E+023  0.17216635E+007  0.78649071E+018
  0.91463475E+007  0.10709518E+023  0.17216635E+007  0.78649071E+018
  0.14898430E+008  0.10709518E+023  0.17216635E+007  0.78649071E+018
  0.24267961E+008  0.10709518E+023  0.17216635E+007  0.78649071E+018
  0.39529933E+008  0.10709518E+023  0.17216635E+007  0.78649071E+018
  0.64390066E+008  0.10709518E+023  0.17216635E+007  0.78649071E+018
  0.10488459E+009  0.10709518E+023  0.17216635E+007  0.78649071E+018
  0.17084586E+009  0.10709518E+023  0.17216635E+007  0.78649071E+018
  0.27828978E+009  0.10709518E+023  0.17216635E+007  0.78649071E+018
  0.45330452E+009  0.10709518E+023  0.17216635E+007  0.78649071E+018
  0.73838496E+009  0.10709518E+023  0.17216635E+007  0.78649071E+018
  0.12027507E+010  0.10709518E+023  0.17216635E+007  0.78649071E+018
  0.19591533E+010  0.10709518E+023  0.17216635E+007  0.78649071E+018
  0.31912529E+010  0.10709518E+023  0.17216635E+007  0.78649071E+018
  0.51982123E+010  0.10709518E+023  0.17216635E+007  0.78649071E+018
  0.84673363E+010  0.10709518E+023  0.17216635E+007  0.78649071E+018
  0.13792392E+011  0.10709518E+023  0.17216635E+007  0.78649071E+018
  0.22466344E+011  0.10709518E+023  0.17216635E+007  0.78649071E+018
  0.36595290E+011  0.10709518E+023  0.17216635E+007  0.78649071E+018
  0.59609844E+011  0.10709518E+023  0.17216635E+007  0.78649071E+018
  0.97098110E+011  0.10709518E+023  0.17216635E+007  0.78649071E+018
  0.15816252E+012  0.10709518E+023  0.17216635E+007  0.78649071E+018
  0.25762996E+012  0.10709518E+023  0.17216635E+007  0.78649071E+018
  0.41965186E+012  0.10709518E+023  0.17216635E+007  0.78649071E+018
  0.68356835E+012  0.10709518E+023  0.17216635E+007  0.78649071E+018
  0.11134603E+013  0.10709518E+023  0.17216635E+007  0.78649071E+018
  0.18137087E+013  0.10709518E+023  0.17216635E+007  0.78649071E+018
  0.29543390E+013  0.10709518E+023  0.17216635E+007  0.78649071E+018
  0.48123048E+013  0.10709518E+023  0.17216635E+007  0.78649071E+018
  0.78387338E+013  0.10709518E+023  0.17216635E+007  0.78649071E+018
  0.12768466E+014  0.10709518E+023  0.17216635E+007  0.78649071E+018
  0.20798476E+014  0.10709518E+023  0.17216635E+007  0.78649071E+018
  0.33878510E+014  0.10709518E+023  0.17216635E+007  0.78649071E+018
  0.55184497E+014  0.10709518E+023  0.17216635E+007  0.78649071E+018
  0.89889690E+014  0.10709518E+023  0.17216635E+007  0.78649071E+018
  0.14642077E+015  0.10709518E+023  0.17216635E+007  0.78649071E+018
  0.23850389E+015  0.10709518E+023  0.17216635E+007  0.78649071E+018
  0.38849753E+015  0.10709518E+023  0.17216635E+007  0.78649071E+018
  0.63282126E+015  0.10709518E+023  0.17216635E+007  0.78649071E+018
  0.10307987E+016  0.10709518E+023  0.17216635E+007  0.78649071E+018
  0.16790617E+016  0.10709518E+023  0.17216635E+007  0.78649071E+018
  0.27350133E+016  0.10709518E+023  0.17216635E+007  0.78649071E+018
  0.44550464E+016  0.10709518E+023  0.17216635E+007  0.78649071E+018
  0.72567979E+016  0.10709518E+023  0.17216635E+007  0.78649071E+018
  0.11820554E+017  0.10709518E+023  0.17216635E+007  0.78649071E+018
  0.19254428E+017  0.10709518E+023  0.17216635E+007  0.78649071E+018
  0.31363419E+017  0.10709518E+023  0.17216635E+007  0.78649071E+018
  0.51087682E+017  0.10709518E+023  0.17216635E+007  0.78649071E+018
  0.83216413E+017  0.10709518E+023  0.17216635E+007  0.78649071E+018
  0.13555071E+018  0.10709518E+023  0.17216635E+007  0.78649071E+018
  0.22079772E+018  0.10709518E+023  0.17216635E+007  0.78649071E+018
  0.35965605E+018  0.10709518E+023  0.17216635E+007  0.78649071E+018
  0.58584155E+018  0.10709518E+023  0.17216635E+007  0.78649071E+018
  0.95427371E+018  0.10709518E+023  0.17216635E+007  0.78649071E+018
  0.15544106E+019  0.10709518E+023  0.17216635E+007  0.78649071E+018
  0.25319699E+019  0.10709518E+023  0.17216635E+007  0.78649071E+018
  0.41243104E+019  0.10709518E+023  0.17216635E+007  0.78649071E+018
  0.67180640E+019  0.10709518E+023  0.17216635E+007  0.78649071E+018
  0.10943013E+020  0.10709518E+023  0.17216635E+007  0.78649071E+018
  0.17825007E+020  0.10709518E+023  0.17216635E+007  0.78649071E+018
  0.29035046E+020  0.10709518E+023  0.17216635E+007  0.78649071E+018
  0.47295008E+020  0.10709518E+023  0.17216635E+007  0.78649071E+018
  0.77038550E+020  0.10709518E+023  0.17216635E+007  0.78649071E+018
