#time  N2 O NO N O2
  0.150E-009  0.100E-002  0.101E-002  0.998E-003  0.995E-003  0.998E-003
  0.375E-009  0.101E-002  0.101E-002  0.995E-003  0.987E-003  0.996E-003
  0.712E-009  0.102E-002  0.102E-002  0.991E-003  0.976E-003  0.993E-003
  0.122E-008  0.103E-002  0.104E-002  0.984E-003  0.959E-003  0.987E-003
  0.198E-008  0.105E-002  0.107E-002  0.974E-003  0.934E-003  0.980E-003
  0.312E-008  0.107E-002  0.110E-002  0.961E-003  0.899E-003  0.969E-003
  0.483E-008  0.110E-002  0.115E-002  0.942E-003  0.850E-003  0.954E-003
  0.739E-008  0.115E-002  0.122E-002  0.916E-003  0.782E-003  0.933E-003
  0.112E-007  0.121E-002  0.131E-002  0.882E-003  0.693E-003  0.906E-003
  0.170E-007  0.129E-002  0.142E-002  0.840E-003  0.582E-003  0.871E-003
  0.256E-007  0.138E-002  0.155E-002  0.792E-003  0.455E-003  0.831E-003
  0.386E-007  0.147E-002  0.168E-002  0.742E-003  0.321E-003  0.789E-003
  0.581E-007  0.155E-002  0.180E-002  0.696E-003  0.196E-003  0.750E-003
  0.873E-007  0.162E-002  0.190E-002  0.660E-003  0.988E-004  0.719E-003
  0.131E-006  0.166E-002  0.196E-002  0.636E-003  0.381E-004  0.701E-003
  0.197E-006  0.168E-002  0.199E-002  0.624E-003  0.114E-004  0.694E-003
  0.295E-006  0.169E-002  0.200E-002  0.616E-003  0.454E-005  0.694E-003
  0.443E-006  0.169E-002  0.200E-002  0.608E-003  0.371E-005  0.698E-003
  0.665E-006  0.170E-002  0.200E-002  0.597E-003  0.367E-005  0.703E-003
  0.997E-006  0.171E-002  0.200E-002  0.581E-003  0.367E-005  0.711E-003
  0.150E-005  0.172E-002  0.200E-002  0.559E-003  0.366E-005  0.722E-003
  0.224E-005  0.173E-002  0.200E-002  0.531E-003  0.364E-005  0.736E-003
  0.337E-005  0.175E-002  0.200E-002  0.495E-003  0.362E-005  0.754E-003
  0.505E-005  0.177E-002  0.200E-002  0.455E-003  0.360E-005  0.774E-003
  0.758E-005  0.179E-002  0.200E-002  0.415E-003  0.358E-005  0.794E-003
  0.114E-004  0.181E-002  0.200E-002  0.383E-003  0.356E-005  0.810E-003
  0.170E-004  0.182E-002  0.200E-002  0.365E-003  0.355E-005  0.820E-003
  0.256E-004  0.182E-002  0.200E-002  0.357E-003  0.354E-005  0.823E-003
  0.383E-004  0.182E-002  0.200E-002  0.356E-003  0.354E-005  0.824E-003
  0.575E-004  0.182E-002  0.200E-002  0.356E-003  0.354E-005  0.824E-003
  0.863E-004  0.182E-002  0.200E-002  0.356E-003  0.354E-005  0.824E-003
  0.129E-003  0.182E-002  0.200E-002  0.356E-003  0.354E-005  0.824E-003
  0.194E-003  0.182E-002  0.200E-002  0.356E-003  0.354E-005  0.824E-003
  0.291E-003  0.182E-002  0.200E-002  0.356E-003  0.354E-005  0.824E-003
  0.437E-003  0.182E-002  0.200E-002  0.356E-003  0.354E-005  0.824E-003
  0.655E-003  0.182E-002  0.200E-002  0.356E-003  0.354E-005  0.824E-003
  0.983E-003  0.182E-002  0.200E-002  0.356E-003  0.354E-005  0.824E-003
  0.147E-002  0.182E-002  0.200E-002  0.356E-003  0.354E-005  0.824E-003
  0.221E-002  0.182E-002  0.200E-002  0.356E-003  0.354E-005  0.824E-003
  0.332E-002  0.182E-002  0.200E-002  0.356E-003  0.354E-005  0.824E-003
  0.498E-002  0.182E-002  0.200E-002  0.356E-003  0.354E-005  0.824E-003
  0.746E-002  0.182E-002  0.200E-002  0.356E-003  0.354E-005  0.824E-003
  0.112E-001  0.182E-002  0.200E-002  0.356E-003  0.354E-005  0.824E-003
  0.168E-001  0.182E-002  0.200E-002  0.356E-003  0.354E-005  0.824E-003
  0.252E-001  0.182E-002  0.200E-002  0.356E-003  0.354E-005  0.824E-003
  0.378E-001  0.182E-002  0.200E-002  0.356E-003  0.354E-005  0.824E-003
  0.567E-001  0.182E-002  0.200E-002  0.356E-003  0.354E-005  0.824E-003
  0.850E-001  0.182E-002  0.200E-002  0.356E-003  0.354E-005  0.824E-003
  0.128E+000  0.182E-002  0.200E-002  0.356E-003  0.354E-005  0.824E-003
  0.191E+000  0.182E-002  0.200E-002  0.356E-003  0.354E-005  0.824E-003
  0.287E+000  0.182E-002  0.200E-002  0.356E-003  0.354E-005  0.824E-003
  0.430E+000  0.182E-002  0.200E-002  0.356E-003  0.354E-005  0.824E-003
  0.646E+000  0.182E-002  0.200E-002  0.356E-003  0.354E-005  0.824E-003
  0.968E+000  0.182E-002  0.200E-002  0.356E-003  0.354E-005  0.824E-003
  0.145E+001  0.182E-002  0.200E-002  0.356E-003  0.354E-005  0.824E-003
  0.218E+001  0.182E-002  0.200E-002  0.356E-003  0.354E-005  0.824E-003
  0.327E+001  0.182E-002  0.200E-002  0.356E-003  0.354E-005  0.824E-003
  0.490E+001  0.182E-002  0.200E-002  0.356E-003  0.354E-005  0.824E-003
  0.735E+001  0.182E-002  0.200E-002  0.356E-003  0.354E-005  0.824E-003
  0.110E+002  0.182E-002  0.200E-002  0.356E-003  0.354E-005  0.824E-003
  0.165E+002  0.182E-002  0.200E-002  0.356E-003  0.354E-005  0.824E-003
  0.248E+002  0.182E-002  0.200E-002  0.356E-003  0.354E-005  0.824E-003
  0.372E+002  0.182E-002  0.200E-002  0.356E-003  0.354E-005  0.824E-003
  0.558E+002  0.182E-002  0.200E-002  0.356E-003  0.354E-005  0.824E-003
  0.838E+002  0.182E-002  0.200E-002  0.356E-003  0.354E-005  0.824E-003
  0.126E+003  0.182E-002  0.200E-002  0.356E-003  0.354E-005  0.824E-003
  0.188E+003  0.182E-002  0.200E-002  0.356E-003  0.354E-005  0.824E-003
  0.283E+003  0.182E-002  0.200E-002  0.356E-003  0.354E-005  0.824E-003
  0.424E+003  0.182E-002  0.200E-002  0.356E-003  0.354E-005  0.824E-003
  0.636E+003  0.182E-002  0.200E-002  0.356E-003  0.354E-005  0.824E-003
  0.954E+003  0.182E-002  0.200E-002  0.356E-003  0.354E-005  0.824E-003
  0.143E+004  0.182E-002  0.200E-002  0.356E-003  0.354E-005  0.824E-003
  0.215E+004  0.182E-002  0.200E-002  0.356E-003  0.354E-005  0.824E-003
  0.322E+004  0.182E-002  0.200E-002  0.356E-003  0.354E-005  0.824E-003
  0.483E+004  0.182E-002  0.200E-002  0.356E-003  0.354E-005  0.824E-003
  0.725E+004  0.182E-002  0.200E-002  0.356E-003  0.354E-005  0.824E-003
  0.109E+005  0.182E-002  0.200E-002  0.356E-003  0.354E-005  0.824E-003
  0.163E+005  0.182E-002  0.200E-002  0.356E-003  0.354E-005  0.824E-003
  0.245E+005  0.182E-002  0.200E-002  0.356E-003  0.354E-005  0.824E-003
  0.367E+005  0.182E-002  0.200E-002  0.356E-003  0.354E-005  0.824E-003
  0.550E+005  0.182E-002  0.200E-002  0.356E-003  0.354E-005  0.824E-003
  0.825E+005  0.182E-002  0.200E-002  0.356E-003  0.354E-005  0.824E-003
  0.124E+006  0.182E-002  0.200E-002  0.356E-003  0.354E-005  0.824E-003
