  0.00000000E+000  0.10710698E+023  0.34774011E+012  0.20580022E+009
  0.13206784E-028  0.10710698E+023  0.34774011E+012  0.20580023E+009
  0.34719233E-028  0.10710698E+023  0.34774011E+012  0.20580024E+009
  0.69760730E-028  0.10710698E+023  0.34774011E+012  0.20580025E+009
  0.12683961E-027  0.10710698E+023  0.34774011E+012  0.20580027E+009
  0.21981505E-027  0.10710698E+023  0.34774011E+012  0.20580031E+009
  0.37126217E-027  0.10710698E+023  0.34774011E+012  0.20580037E+009
  0.61795347E-027  0.10710698E+023  0.34774011E+012  0.20580046E+009
  0.10197874E-026  0.10710698E+023  0.34774011E+012  0.20580062E+009
  0.16743323E-026  0.10710698E+023  0.34774011E+012  0.20580087E+009
  0.27405164E-026  0.10710698E+023  0.34774011E+012  0.20580128E+009
  0.44772171E-026  0.10710698E+023  0.34774011E+012  0.20580195E+009
  0.73061184E-026  0.10710698E+023  0.34774011E+012  0.20580305E+009
  0.11914098E-025  0.10710698E+023  0.34774011E+012  0.20580483E+009
  0.19420009E-025  0.10710698E+023  0.34774010E+012  0.20580773E+009
  0.31646340E-025  0.10710698E+023  0.34774010E+012  0.20581245E+009
  0.51561737E-025  0.10710698E+023  0.34774009E+012  0.20582015E+009
  0.84001805E-025  0.10710698E+023  0.34774008E+012  0.20583269E+009
  0.13684323E-024  0.10710698E+023  0.34774006E+012  0.20585310E+009
  0.22291631E-024  0.10710698E+023  0.34774002E+012  0.20588637E+009
  0.36312023E-024  0.10710698E+023  0.34773997E+012  0.20594054E+009
  0.59149753E-024  0.10710698E+023  0.34773988E+012  0.20602880E+009
  0.96349991E-024  0.10710698E+023  0.34773974E+012  0.20617255E+009
  0.15694523E-023  0.10710698E+023  0.34773950E+012  0.20640670E+009
  0.25564845E-023  0.10710698E+023  0.34773912E+012  0.20678812E+009
  0.41642552E-023  0.10710698E+023  0.34773850E+012  0.20740941E+009
  0.67831430E-023  0.10710698E+023  0.34773749E+012  0.20842141E+009
  0.11049033E-022  0.10710698E+023  0.34773584E+012  0.21006986E+009
  0.17997716E-022  0.10710698E+023  0.34773316E+012  0.21275498E+009
  0.29316383E-022  0.10710698E+023  0.34772878E+012  0.21712872E+009
  0.47753290E-022  0.10710698E+023  0.34772166E+012  0.22425296E+009
  0.77785056E-022  0.10710698E+023  0.34771005E+012  0.23585727E+009
  0.12670362E-021  0.10710698E+023  0.34769115E+012  0.25475864E+009
  0.20638676E-021  0.10710698E+023  0.34766037E+012  0.28554476E+009
  0.33618214E-021  0.10710698E+023  0.34761022E+012  0.33568627E+009
  0.54760505E-021  0.10710698E+023  0.34752857E+012  0.41734603E+009
  0.89199053E-021  0.10710698E+023  0.34739559E+012  0.55032025E+009
  0.14529579E-020  0.10710698E+023  0.34717910E+012  0.76681312E+009
  0.23667143E-020  0.10710698E+023  0.34682674E+012  0.11191705E+010
  0.38551265E-020  0.10710698E+023  0.34625355E+012  0.16923604E+010
  0.62795920E-020  0.10710698E+023  0.34532191E+012  0.26240039E+010
  0.10228789E-019  0.10710698E+023  0.34380971E+012  0.41362014E+010
  0.16661612E-019  0.10710698E+023  0.34136064E+012  0.65852756E+010
  0.27139998E-019  0.10710698E+023  0.33740858E+012  0.10537330E+011
  0.44208177E-019  0.10710698E+023  0.33106867E+012  0.16877242E+011
  0.72010429E-019  0.10710698E+023  0.32099531E+012  0.26950598E+011
  0.11729735E-018  0.10710698E+023  0.30523809E+012  0.42707817E+011
  0.19106493E-018  0.10710698E+023  0.28120842E+012  0.66737494E+011
  0.31122450E-018  0.10710698E+023  0.24604578E+012  0.10190013E+012
  0.50695168E-018  0.10710698E+023  0.19792693E+012  0.15001898E+012
  0.82577050E-018  0.10710698E+023  0.13884547E+012  0.20910044E+012
  0.13450925E-017  0.10710698E+023  0.77932398E+011  0.27001351E+012
  0.21910130E-017  0.10710698E+023  0.30414389E+011  0.31753152E+012
  0.35689276E-017  0.10710698E+023  0.65675947E+010  0.34137832E+012
  0.58134044E-017  0.10710698E+023  0.54091800E+009  0.34740500E+012
  0.94694189E-017  0.10710698E+023  0.92904297E+007  0.34793663E+012
  0.15424679E-016  0.10710698E+023  0.13366866E+005  0.34794591E+012
  0.25125165E-016  0.10710698E+023  0.94893624E+003  0.34794594E+012
  0.40926227E-016  0.10710698E+023  0.94874495E+003  0.34794595E+012
  0.66664481E-016  0.10710698E+023  0.94874266E+003  0.34794598E+012
  0.10858937E-015  0.10710698E+023  0.94874238E+003  0.34794602E+012
  0.17688055E-015  0.10710698E+023  0.94874233E+003  0.34794610E+012
  0.28811965E-015  0.10710698E+023  0.94874232E+003  0.34794621E+012
  0.46931634E-015  0.10710698E+023  0.94874232E+003  0.34794640E+012
  0.76446652E-015  0.10710698E+023  0.94874232E+003  0.34794672E+012
  0.12452348E-014  0.10710698E+023  0.94874232E+003  0.34794722E+012
  0.20283554E-014  0.10710698E+023  0.94874232E+003  0.34794805E+012
  0.33039758E-014  0.10710698E+023  0.94874232E+003  0.34794939E+012
  0.53818259E-014  0.10710698E+023  0.94874232E+003  0.34795158E+012
  0.87664233E-014  0.10710698E+023  0.94874233E+003  0.34795515E+012
  0.14279573E-013  0.10710698E+023  0.94874233E+003  0.34796096E+012
  0.23259910E-013  0.10710698E+023  0.94874234E+003  0.34797043E+012
  0.37887925E-013  0.10710698E+023  0.94874235E+003  0.34798585E+012
  0.61715409E-013  0.10710698E+023  0.94874236E+003  0.34801096E+012
  0.10052785E-012  0.10710698E+023  0.94874239E+003  0.34805187E+012
  0.16374920E-012  0.10710698E+023  0.94874243E+003  0.34811851E+012
  0.26673008E-012  0.10710698E+023  0.94874251E+003  0.34822705E+012
  0.43447499E-012  0.10710698E+023  0.94874262E+003  0.34840386E+012
  0.70771366E-012  0.10710698E+023  0.94874281E+003  0.34869187E+012
  0.11527905E-011  0.10710698E+023  0.94874312E+003  0.34916100E+012
  0.18777733E-011  0.10710698E+023  0.94874362E+003  0.34992516E+012
  0.30586935E-011  0.10710698E+023  0.94874444E+003  0.35116990E+012
  0.49822871E-011  0.10710698E+023  0.94874578E+003  0.35319745E+012
  0.81156171E-011  0.10710698E+023  0.94874795E+003  0.35650011E+012
  0.13219479E-010  0.10710698E+023  0.94875149E+003  0.36187979E+012
  0.21533129E-010  0.10710698E+023  0.94875725E+003  0.37064272E+012
  0.35075182E-010  0.10710698E+023  0.94876664E+003  0.38491660E+012
  0.57133749E-010  0.10710698E+023  0.94878193E+003  0.40816724E+012
  0.93064814E-010  0.10710698E+023  0.94880684E+003  0.44604006E+012
  0.15159271E-009  0.10710698E+023  0.94884741E+003  0.50773088E+012
  0.24692843E-009  0.10710698E+023  0.94891350E+003  0.60821867E+012
  0.40222022E-009  0.10710698E+023  0.94902116E+003  0.77190261E+012
  0.65517405E-009  0.10710698E+023  0.94919651E+003  0.10385264E+013
  0.10672090E-008  0.10710698E+023  0.94948215E+003  0.14728282E+013
  0.17383702E-008  0.10710698E+023  0.94994743E+003  0.21802599E+013
  0.28316206E-008  0.10710698E+023  0.95070531E+003  0.33325909E+013
  0.46124095E-008  0.10710698E+023  0.95193983E+003  0.52096159E+013
  0.75131257E-008  0.10710698E+023  0.95395072E+003  0.82670904E+013
  0.12238085E-007  0.10710698E+023  0.95722625E+003  0.13247392E+014
  0.19934541E-007  0.10710698E+023  0.96256173E+003  0.21359774E+014
  0.32471252E-007  0.10710698E+023  0.97125268E+003  0.34573985E+014
  0.52892224E-007  0.10710698E+023  0.98540930E+003  0.56098531E+014
  0.86155821E-007  0.10710698E+023  0.10084689E+004  0.91159733E+014
  0.14033869E-006  0.10710698E+023  0.10460306E+004  0.14827071E+015
  0.22859683E-006  0.10710698E+023  0.11072147E+004  0.24129842E+015
  0.37235998E-006  0.10710698E+023  0.12068770E+004  0.39283068E+015
  0.60653490E-006  0.10710697E+023  0.13692163E+004  0.63966068E+015
  0.98798100E-006  0.10710697E+023  0.16336498E+004  0.10417205E+016
  0.16093162E-005  0.10710696E+023  0.20643839E+004  0.16966332E+016
  0.26214053E-005  0.10710694E+023  0.27660041E+004  0.27634162E+016
  0.42699911E-005  0.10710691E+023  0.39088684E+004  0.45010915E+016
  0.69553624E-005  0.10710687E+023  0.57704719E+004  0.73315765E+016
  0.11329547E-004  0.10710680E+023  0.88028194E+004  0.11942122E+017
  0.18454630E-004  0.10710669E+023  0.13742164E+005  0.19452158E+017
  0.30060635E-004  0.10710651E+023  0.21787698E+005  0.31684979E+017
  0.48965584E-004  0.10710621E+023  0.34892474E+005  0.51610044E+017
  0.79759740E-004  0.10710572E+023  0.56236481E+005  0.84062197E+017
  0.12992015E-003  0.10710493E+023  0.90994055E+005  0.13690828E+018
  0.21162614E-003  0.10710364E+023  0.14756843E+006  0.22292369E+018
  0.34471653E-003  0.10710154E+023  0.23954085E+006  0.36275451E+018
  0.56150665E-003  0.10709814E+023  0.38857384E+006  0.58932824E+018
  0.91463475E-003  0.10709268E+023  0.62800396E+006  0.95330755E+018
  0.14898430E-002  0.10708411E+023  0.10041217E+007  0.15250171E+019
  0.24267961E-002  0.10707139E+023  0.15620367E+007  0.23729264E+019
  0.39529933E-002  0.10705497E+023  0.22825697E+007  0.34677371E+019
  0.64390066E-002  0.10703924E+023  0.29727036E+007  0.45161018E+019
  0.10488459E-001  0.10703048E+023  0.33572963E+007  0.51002179E+019
  0.17084586E-001  0.10702834E+023  0.34512514E+007  0.52429043E+019
  0.27828978E-001  0.10702818E+023  0.34581793E+007  0.52534253E+019
  0.45330452E-001  0.10702818E+023  0.34583164E+007  0.52536335E+019
  0.73838496E-001  0.10702818E+023  0.34583173E+007  0.52536348E+019
  0.12027507E+000  0.10702818E+023  0.34583173E+007  0.52536348E+019
  0.19591533E+000  0.10702818E+023  0.34583173E+007  0.52536348E+019
  0.31912529E+000  0.10702818E+023  0.34583173E+007  0.52536348E+019
  0.51982123E+000  0.10702818E+023  0.34583173E+007  0.52536348E+019
  0.84673363E+000  0.10702818E+023  0.34583173E+007  0.52536348E+019
  0.13792392E+001  0.10702818E+023  0.34583173E+007  0.52536348E+019
  0.22466344E+001  0.10702818E+023  0.34583173E+007  0.52536348E+019
  0.36595290E+001  0.10702818E+023  0.34583173E+007  0.52536348E+019
  0.59609844E+001  0.10702818E+023  0.34583173E+007  0.52536348E+019
  0.97098110E+001  0.10702818E+023  0.34583173E+007  0.52536348E+019
  0.15816252E+002  0.10702818E+023  0.34583173E+007  0.52536348E+019
  0.25762996E+002  0.10702818E+023  0.34583173E+007  0.52536348E+019
  0.41965186E+002  0.10702818E+023  0.34583173E+007  0.52536348E+019
  0.68356835E+002  0.10702818E+023  0.34583173E+007  0.52536348E+019
  0.11134603E+003  0.10702818E+023  0.34583173E+007  0.52536348E+019
  0.18137087E+003  0.10702818E+023  0.34583173E+007  0.52536348E+019
  0.29543390E+003  0.10702818E+023  0.34583173E+007  0.52536348E+019
  0.48123048E+003  0.10702818E+023  0.34583173E+007  0.52536348E+019
  0.78387338E+003  0.10702818E+023  0.34583173E+007  0.52536348E+019
  0.12768466E+004  0.10702818E+023  0.34583173E+007  0.52536348E+019
  0.20798476E+004  0.10702818E+023  0.34583173E+007  0.52536348E+019
  0.33878510E+004  0.10702818E+023  0.34583173E+007  0.52536348E+019
  0.55184497E+004  0.10702818E+023  0.34583173E+007  0.52536348E+019
  0.89889690E+004  0.10702818E+023  0.34583173E+007  0.52536348E+019
  0.14642077E+005  0.10702818E+023  0.34583173E+007  0.52536348E+019
  0.23850389E+005  0.10702818E+023  0.34583173E+007  0.52536348E+019
  0.38849753E+005  0.10702818E+023  0.34583173E+007  0.52536348E+019
  0.63282126E+005  0.10702818E+023  0.34583173E+007  0.52536348E+019
  0.10307987E+006  0.10702818E+023  0.34583173E+007  0.52536348E+019
  0.16790617E+006  0.10702818E+023  0.34583173E+007  0.52536348E+019
  0.27350133E+006  0.10702818E+023  0.34583173E+007  0.52536348E+019
  0.44550464E+006  0.10702818E+023  0.34583173E+007  0.52536348E+019
  0.72567979E+006  0.10702818E+023  0.34583173E+007  0.52536348E+019
  0.11820554E+007  0.10702818E+023  0.34583173E+007  0.52536348E+019
  0.19254428E+007  0.10702818E+023  0.34583173E+007  0.52536348E+019
  0.31363419E+007  0.10702818E+023  0.34583173E+007  0.52536348E+019
  0.51087682E+007  0.10702818E+023  0.34583173E+007  0.52536348E+019
  0.83216413E+007  0.10702818E+023  0.34583173E+007  0.52536348E+019
  0.13555071E+008  0.10702818E+023  0.34583173E+007  0.52536348E+019
  0.22079772E+008  0.10702818E+023  0.34583173E+007  0.52536348E+019
  0.35965605E+008  0.10702818E+023  0.34583173E+007  0.52536348E+019
  0.58584155E+008  0.10702818E+023  0.34583173E+007  0.52536348E+019
  0.95427371E+008  0.10702818E+023  0.34583173E+007  0.52536348E+019
  0.15544106E+009  0.10702818E+023  0.34583173E+007  0.52536348E+019
  0.25319699E+009  0.10702818E+023  0.34583173E+007  0.52536348E+019
  0.41243104E+009  0.10702818E+023  0.34583173E+007  0.52536348E+019
  0.67180640E+009  0.10702818E+023  0.34583173E+007  0.52536348E+019
  0.10943013E+010  0.10702818E+023  0.34583173E+007  0.52536348E+019
  0.17825007E+010  0.10702818E+023  0.34583173E+007  0.52536348E+019
  0.29035046E+010  0.10702818E+023  0.34583173E+007  0.52536348E+019
  0.47295008E+010  0.10702818E+023  0.34583173E+007  0.52536348E+019
  0.77038550E+010  0.10702818E+023  0.34583173E+007  0.52536348E+019
  0.12548762E+011  0.10702818E+023  0.34583173E+007  0.52536348E+019
  0.20440602E+011  0.10702818E+023  0.34583173E+007  0.52536348E+019
  0.33295572E+011  0.10702818E+023  0.34583173E+007  0.52536348E+019
  0.54234954E+011  0.10702818E+023  0.34583173E+007  0.52536348E+019
  0.88342985E+011  0.10702818E+023  0.34583173E+007  0.52536348E+019
  0.14390135E+012  0.10702818E+023  0.34583173E+007  0.52536348E+019
  0.23440003E+012  0.10702818E+023  0.34583173E+007  0.52536348E+019
  0.38181277E+012  0.10702818E+023  0.34583173E+007  0.52536348E+019
  0.62193249E+012  0.10702818E+023  0.34583173E+007  0.52536348E+019
